test/output_verify/test3/cum_currmap.asc
ncols        30
nrows        23
xllcorner    0.000000000000
yllcorner    0.000000000000
cellsize     1.000000000000
NODATA_value  -9999
 0.77904427314663826643 3.6882504247884071447 0.64119159545244264198 -9999 0.038688696236949149387 0.050383271199395666951 -9999 1.3892696479778483543 7.6210263864852869631 7.4360124182362072887 7.6790286756990697725 7.3412463572078028307 22.505152698389768062 5.6633769350154379296 3.9155800032666530086 5.1377904083427816673 2.7794212460242326834 3.9763205428084660298 4.5424330634697867026 5.2166766287596004759 14.720036008998828692 6.2445648896750416412 3.7947817481438637088 1.8398457395125802361 1.5741473989876231254 1.7224582846826972382 2.6422119339118030901 3.7158399540026625374 2.8623481574425326812 1.3812740972867403322
 1.6242054736164586171 2.0389184859654525539 1.775261903887495496 -9999 11.547847846555388429 0.95383675559499969676 -9999 3.8417257694270228185 8.7921926422135481261 11.737939434847040943 24.287924922625293789 129.91370421111258793 11.35715820976954582 10.320906349841758143 5.787720982618637322 9.5865686059176447031 5.5063357273867712394 8.3060099466350632014 9.8036231987101771779 19.740753532996407671 103.75477828490760146 15.964834424326109996 13.511011596121832667 4.4164789191252715739 2.9785466144309697967 3.3026170763967108712 2.4273265208389345204 7.5618495354119232843 10.53973226560716725 7.4849523286140708933
 1.7921477722574667979 6.5167533932045920153 2.3129022789405944138 -9999 6.281475391244566886 5.3718716216708939371 -9999 6.3968398093379184033 9.4200881918355321432 14.305558849057655735 24.845919182002944581 15.290087284128340173 30.937969786118543425 9.663219152076402807 7.505970269215596069 5.8406276106100252221 5.3205471462912639069 6.016862156713164822 15.453123612627587491 41.571070687781869424 75.605658080241170182 16.396209145955420894 10.309893851645703933 7.8464787615749855831 10.360982927732743875 3.5839945366090875112 2.5688003893451663018 3.5218474372334767075 70.121927457898550529 3.3668172405919474244
 1.9905402333252895097 4.987421673673879674 9.0645675779309957676 -9999 6.1749906443261188826 6.2926972380396790641 -9999 12.263560052242475251 38.379497083172793737 12.465849699187749877 19.037951750963141961 15.984823758567108243 10.199466372488910082 33.257422630829609034 11.270356791538439722 5.2207703758122381288 10.376968397334294991 9.6348281353205624811 25.25075211535691011 683.61890633587199773 29.517510239407009465 39.23732626736766349 17.383933378033290751 10.386405300633185789 5.3961021976786023302 3.0498143085095632543 2.6387100750979559649 6.5738170506654007852 6.296324294604977112 3.8233912224094082077
 3.2472760168221443955 6.5829673359504514707 3.9266731453646301908 -9999 7.3063029537339652109 4.8601191839445458953 -9999 31.493991039908344476 15.378410878120179817 10.547389082804423666 7.5094346352552596713 7.826252274687382382 7.7420101922004889161 11.555573496464516481 6.8699586727496075866 7.9912076012407950998 11.674614802757115939 69.266307477932542724 43.102684744909204539 97.553032639308611351 133.86240723483871307 27.657224857084912628 30.574631099938393675 26.77329696373313439 4.2798511872880933282 3.3330227722248624289 2.5936124509212921119 5.4057467515904624733 5.9001754316842296433 2.5383454976065755737
 6.7133446739509299306 12.146557214347909692 8.577620641672391244 -9999 10.350270670996977174 5.0590836672186201284 -9999 12.401154207115638428 22.256352323056599829 7.1136895606387833269 4.8993346083648736666 4.0631759285049318109 4.6468706923061304792 4.881578078981382518 7.722064406469757003 5.255727301676222929 7.9106788151565261558 10.308111182179620968 17.894468188647209672 20.228206008004136152 21.34158331539423159 158.8721901844195088 104.54531338180554201 8.4193357131674577687 4.7370588786775034151 3.9266382216535835603 3.2036481731681329954 6.9582578167201720731 15.74515144290157842 2.5459430008060497386
 5.9157129006814130889 6.6132687039073525526 5.4492659306890676163 -9999 7.2123106942065655645 9.4796283096700673099 -9999 6.0510298972173481857 14.394795622318444117 5.7401350822713386179 3.7316449824162627458 7.694740045017822716 3.426667996892892365 5.7517334247342990494 4.2939374180659406477 5.112175331207124529 5.1259460075548677338 9.661337153890164231 12.038981715019790641 21.662711858045973656 21.338029927630543625 56.814204317993016957 120.96115655022452984 43.7618101609594774 15.591695153402524099 12.832407136851026408 7.0529303735533437347 6.3653587679080922968 7.8269299450789757699 4.1693463518676310287
 4.2575249039676723584 5.625972035552067041 4.821782555379056312 -9999 5.8995319031486523897 25.550351684804873287 -9999 10.627960060712627666 8.8793590940741449202 8.4485779208659526063 4.58020345206755497 3.5051183227155551236 4.1735947005528899467 5.4176073602474721369 6.756138259450341188 9.0888691012393270086 7.0307942524875954859 11.064755460938492604 157.14616684117942214 65.620547385672466589 41.576406099491592272 56.997680371987591741 237.3002420222383364 60.93107883743564912 142.75591004108144944 103.03008757369637749 15.328139782521153833 7.2484969621610479962 11.516667820665375643 3.2289329634287966542
 1.6566341584665749131 11.956423183942153088 6.2066036265696986618 -9999 6.4539024674687910377 12.576233969673072721 22.824710628634775844 13.353714596741133036 18.071112257810970192 5.1938091682938125615 3.7311278523915194505 7.8941906207408276686 4.9123867151957014698 16.792828412217474465 8.0685745460845588184 12.833305287034695752 9.5681346525356261168 20.200275189748204241 42.878389293371142799 234.59030140467555725 199.96272523277190203 157.60804192291152503 137.55898005626372083 171.03994655702643968 174.30628711429301347 183.12080953612945677 75.331584315700425236 8.3920089817221139583 12.283488938995816397 5.894885725436447288
 -9999 -9999 -9999 -9999 4.0659590175454045635 54.296823389727670417 13.061444103596780764 10.69271926053996502 9.0179544831713513986 6.7870858480302516114 7.2067434476579235181 6.9263502146668303183 14.581204114103087477 13.699720987107605552 12.74344783019401639 16.678465203093974623 146.19454488032104678 36.973147132826710504 50.680516357619083578 55.027812189012905719 120.10770118856650868 546.16536878833562696 232.08868732073455021 490.6512742565021199 184.92436116298023308 94.084690786272929586 103.75638002588812014 13.182651810397251424 9.0599837277266921376 21.697375851605016805
 0.31392047733827582734 1.1230307140776327746 2.5320399646868136934 8.4723856063966707097 11.939253129992648539 10.30715236529385237 17.806035590760359355 18.833554519391096704 33.67730388236919481 13.042571032834315403 13.561848165239583253 29.63588696589757987 42.678981799812447662 14.428283916160951961 19.698488878065713692 47.170208186622794244 37.637112441791884976 36.767793758050650865 40.674161605452525237 51.347949452747748467 56.030973993888260054 356.34159950346486312 967.22263963849525226 403.55864621792858316 292.74765331226626586 221.5869004394886872 46.421352186441318111 44.930851203313181941 21.641121216254251891 12.108352355306806203
 1.0079827278783728417 1.9684581455927758764 2.745459697829224055 6.6463638718407294093 11.621158044195162518 8.5717069475995515404 9.9127514397643494704 12.17101665795899379 10.660274488104453994 13.087530613528796763 65.19945128076504659 14.744285755850075503 10.656550749258363098 16.82295986449542724 18.590912066572649053 21.198762864371140324 28.220822294123856011 40.319910415580793028 34.376089665316790445 50.169503244234427086 46.238591559386129859 352.51303720275558362 3714.4579514298934555 330.19546447247449805 282.00227237359882793 120.20524891843348314 70.096627159188784617 18.516119149648623932 33.210625061128489222 22.189687645917626213
 2.1698866913265182355 3.943992525156368778 5.2889777122865595516 6.5512592830182967418 5.9958478127338832309 11.873591577659798446 8.4086456933765294508 23.356421419253059923 9.8547892556948912812 18.523512637332860464 46.403390621234585467 12.815768556902211728 10.11505683236078923 27.730791438525400849 14.565800789450825903 15.146923803975592904 17.850048424864372265 53.596953163439451373 37.437587882376405446 41.437741243222681931 803.57399941198104898 369.14438674507198357 98.645803622435408897 1991.3915455268615915 438.19563798469744142 344.47789716775065472 105.80328644282988648 19.392815475703390149 44.210932872951950401 35.103602899600261367
 2.5324842219002632326 6.6204536438442875834 20.678059116968601217 6.2726915385635431122 5.6194388853820091967 7.6339269304803032412 9.094216342720395474 19.282899807438184325 18.608945702402401423 31.087341725112384694 20.541144518867991309 13.808872499483371143 10.202502711014892256 20.299123185410230974 44.426881483057222511 14.142531109076905693 26.087299699484276516 35.247792633859106104 46.25102678441559334 89.464159782919892905 80.768962301537115422 106.82699849510881052 134.41017056491810422 271.58820852223419706 1077.879175770675829 396.77030604226899868 135.30321425297375981 80.796683776441554414 26.407450371547444234 10.03103689137058474
 1.4089974636993591872 4.6894924391104950701 27.33154486169076236 5.9252918164390226963 4.7482140038394646808 5.4086693710943123392 8.6549784317232134612 7.4674074160065000427 88.922268476769232848 20.880033083238799918 59.595450521014413425 8.2404792629566809836 7.0183880850098931958 9.3950960924555317888 11.820817085936239366 25.171168875037956525 117.63942969948249129 66.479197872672060043 75.081839499912604197 93.765113140534538161 81.8773569548809661 112.46419593186074337 148.70125993703643985 121.12889572326930931 191.70914895060647609 1455.265118640998935 37.166926394774975506 18.213297025453652367 13.637204928850666263 9.1641277014168007753
 0.2722972890913308297 0.7095450434438514975 0.35271381321763445316 1.0900743980379685727 2.6539376749293408508 6.8667856618520799472 4.4575352356388675545 8.9638536744471544182 34.059452487619424232 17.945565586443731121 11.628874415282389521 14.387443188784034831 17.827633859432211239 7.8788511893961157284 32.392055066960956822 20.563898257289821458 302.65849591156762699 113.9143950690496041 285.16958974094120549 145.48947117456754086 222.07121873460877737 62.448256119580385359 48.445083532777999835 78.195293788674959501 29.83569912053920703 29.932628602827183073 15.881298763792617734 18.019066782713096586 15.459083387941408461 4.1506802345235227492
 -9999 -9999 -9999 -9999 -9999 -9999 -9999 10.515543717270002588 11.524495275250489001 11.340627303395377723 8.7369345442752575082 8.738566673419230213 14.688824760325212893 16.931185545341715937 17.84972276184249651 22.112152152524174653 39.076827266040119468 130.39288983332733096 149.64095070658447639 358.03788418378491087 127.64564135450275728 72.657555716205663998 42.012723929095500353 26.015453337671388567 45.000187588270705419 12.036044929915862056 11.124027026321122946 6.4676272555749232396 6.6794926832899532698 4.7490418016862037121
 -9999 -9999 -9999 -9999 -9999 -9999 -9999 9.9986554181217766057 12.646129484941171839 24.483437988184192591 8.5616741548179966514 8.6016735323297588423 13.54641488213490419 41.96234982320021345 9.8307850267547944867 18.784200734632623409 32.991403474565188958 80.325537761952091387 246.8776241476582527 138.14752016309640226 205.08910770701660908 94.757919806671509377 34.350786212235519201 25.141645282539101913 5.8928055517057984503 13.216869883992941936 6.3203496699002226222 4.8558306128362831444 6.2169846787056499693 3.8031810941045707253
 -9999 -9999 -9999 -9999 -9999 -9999 -9999 6.7173194505605060556 11.303611217569264014 26.44389039816521958 17.385540745760550863 20.27085986778096327 87.214552294997560011 18.93795779114748612 10.330266134303938586 72.950987556002587553 64.811845013547340955 65.708596491213626223 106.89926628237834905 79.060447786233368106 70.784775811877040042 44.865077921597617205 21.437666419354624026 11.227722525535636322 5.0374833478683873622 8.018592896126907732 6.4367193500088566438 5.7987486982448102069 9.3197331879432550039 2.041106590085652428
 -9999 -9999 -9999 -9999 -9999 -9999 -9999 4.8449551389009526403 18.477793268686159678 32.308546238756086666 34.272758397776385664 78.166913378884544272 15.872385406506197114 14.878590121935104662 10.720346462937015986 14.436283160174168572 50.03209076398302102 76.708622813252318906 76.662020541199780155 42.791463368233550568 124.24107030997161871 36.679036655615050222 11.288741987223628982 4.9449392751554448466 8.3064022861202708725 6.5215563075143316851 21.855107615840339008 5.2527900666197044899 3.6276625921213518922 1.8800255594040440332
 -9999 -9999 -9999 -9999 -9999 -9999 -9999 3.7937241575790121573 5.5080310609390092935 12.103310740206266516 173.44258811509175189 16.82665484553406543 10.219531573910249023 10.225354760970102319 8.1785654596118888549 10.46685924570692805 26.949818075955398911 22.915737800825716874 39.559808388423448378 50.923730104881478553 13.855059954349028928 6.1042491584840385954 6.0202037733688316123 2.3559089301955036255 3.797915749398077967 4.4416435778968779147 3.3225745797817789473 4.4969024737150062876 3.4837875182597359824 3.489331307048522568
 -9999 -9999 -9999 -9999 -9999 -9999 -9999 1.166345111444237137 3.2529460778309502444 11.936114914747399496 9.4973229163857517676 13.58646380611326876 6.2017141449634696215 5.1167061268346412106 2.8100839904726879759 1.5884148788436649458 3.7190247721086238109 2.8539719967127226141 2.3316676256446222659 3.6021902618488335079 2.4040404300107569568 2.7767384943565498467 1.6324528718692481455 1.7481740853226019894 1.8014252972426172406 1.4711394991679769273 2.4931496350617909918 3.4852764814739707333 1.4704907036815104693 0.67325805002026162249
 -9999 -9999 -9999 -9999 -9999 -9999 -9999 0.369608217109617887 8.2923824850415552845 2.8801756278203631823 14.338589337509027644 4.1792816628715101501 4.5867702664736160756 3.5366841222775411424 4.7928372604066424856 0.43127027481756452509 0.97073684680914285039 1.3680401467456659859 1.4484346040902460473 1.0096631049410795811 1.2231646043866468698 2.8584934936317338838 2.1215865718714392862 2.5867936958460147068 2.1837113740262550365 1.16585564607723291 2.6524139905402996931 0.79069702467919333877 0.54058561781384018019 0.18190176553617978805
