test/output_verify/test3/flow_potential.asc
ncols        30
nrows        23
xllcorner    0.000000000000
yllcorner    0.000000000000
cellsize     1.000000000000
NODATA_value  -9999
 1.5784706244645019257 7.2506755091346546394 6.2166439475232051493 -9999 7.5008361386831188256 7.9440992906411045382 -9999 5.3836898794583367689 10.010908350998571237 12.294913636667281764 18.925501526298802446 24.697566131523590371 17.74232087544939418 6.7395765292982838801 5.5683848186654669732 7.0145322365494759964 6.6738754747780166809 10.562708231179048113 16.346225381385981024 17.967238536526025428 23.734151535794811849 13.578227643362914989 8.658459369190232735 6.3833858008404344986 4.062233243753242462 2.8863327800170006654 3.5163841187332418592 7.0596072712874393673 6.2175409776835159903 3.1772687056398458694
 3.5952440931843372418 6.0820993828125713421 9.9705207555414929743 -9999 34.893590688452533755 13.590372029579663504 -9999 8.6554043436811340939 11.602245197722549364 21.34051988800263544 27.797578901179807787 89.064706715106666479 18.666159853955253567 9.8802934017433035052 10.493070154275089934 11.79168166383011318 11.242152001901988712 18.298712713231481075 28.809853823713467591 28.591612964210213477 59.608873021807227133 22.110440822179146636 17.671934848143706631 9.7825876436825289773 7.1772736859196797354 4.7499550224154472033 5.3829123568266252775 14.826845193773880993 11.000503941336310376 12.213285185962961421
 5.4956633559668954803 10.688234455406158574 10.704421223218883341 -9999 15.009284694992391707 15.351732566273637914 -9999 11.40536668075618465 14.143405635009543175 21.944210362659919866 29.512095225132320309 28.177778843539449838 21.122139649627431623 12.061130902098941675 12.181719065645104649 11.646972830655954567 14.203731482707418365 22.655677191767548351 47.145067923238066498 56.499835241907021555 52.087288241454714921 30.722060421777094064 19.490214561279316285 13.686004790786297391 13.530734622111701526 5.4303971663967409711 5.5599675573938078799 13.898361415203321911 68.667779150803312405 13.222454242036832284
 6.8900198540804051817 11.760719698543843137 17.50929386818075173 -9999 8.7124742188352719552 10.945918711460635109 -9999 18.583843951074587864 23.987844521186730162 14.866486285164238978 16.763036704009756761 17.233370780319180682 15.811234447094797417 20.6282009864107998 15.497197643700063807 13.996726572197088601 17.430702899050622534 26.933679350394591268 95.012022421617317036 487.0577006158884501 103.53811975667163381 51.626113939746119286 35.335096673589688976 22.888620507228623069 9.888260548396832661 5.0311710898641246459 4.6869567500459892173 8.8055252366013565535 9.8430242855992151618 6.5804174083203168522
 7.0132767916348539572 10.491004884943832209 11.675533385583149126 -9999 6.5966138514485104238 8.5098381011652861616 -9999 42.6041048089543537 16.809068792499527234 11.15334379256248809 9.9731011923026926524 10.636508458692246037 12.655435635565376984 12.462102298749563545 11.771729452866946275 13.805579324219323212 16.923766233906146539 46.751296041012992077 104.82111307753474705 114.61728621882031121 119.20251243735252444 54.112176110168050513 32.995879593126680618 29.447133856963475296 9.686543837688804004 5.0081525074409620757 4.4597574659842251776 6.7110507073000045253 6.0196230582405130249 4.1356954177371960668
 9.6392312615121813479 15.613395730303576414 14.541739683147053341 -9999 7.69416767574046645 7.2963770435032122563 -9999 13.051304446672917337 13.074159786426781338 8.204787356079066285 7.4789306677889335617 8.1622354598202839782 10.042501901958724275 9.2684046776663411293 11.070121228806904412 11.991237415472770778 15.767607664573182191 30.874788523619770331 71.419087548954479416 87.976388442327632333 90.523429662764712589 114.63337334049697347 102.55804855841657286 47.513192795520666323 38.682973075028442622 31.7796116637634114 22.330442281507217217 13.032590094845209805 8.9366666993492742677 4.7638452042625631933
 6.6656405170618295841 10.439261269001214316 9.845959259304366995 -9999 6.429808414693088281 7.3247894830701971713 -9999 6.1965649284607176028 6.7196365064489533836 6.43773629863386887 6.0642869993420074337 9.0504073614480020638 6.9482026001265344561 5.8372539514407559835 7.293678433536203265 7.9153639396219244162 10.387510372585383678 29.235217731146615705 47.326235046506987203 52.915617438121884675 71.549143632261618109 96.300183677360820411 123.03659522592296582 83.879014526397810414 67.974498435040402455 49.367349828923366317 39.408204284892320857 24.679715181642258415 7.9905730847752991508 5.1801192016114141481
 6.1489216246736573268 9.3835841688700298846 10.569960494037797361 -9999 7.4431498223970615769 14.033710355286732607 -9999 5.1177833738941505004 5.4752039784899126929 5.836297248897600376 5.5920016780530703571 6.6862249852197273015 6.2145845215551798191 6.2919030898674535024 7.2172378905291241225 7.5788580018291966667 9.4725300909332421639 31.413273537506910316 142.99435404678592931 68.957797427986974981 100.23214718463179906 132.68911869177011909 203.10418471202279989 143.51345368527640289 175.71007352508610211 128.6948872049169097 45.963271373694738031 37.87681986292649583 9.3626263037440082826 5.6040969959625748231
 7.372651621155225321 25.523578259813501035 18.012433956413033798 -9999 11.480622073282521711 11.797451916022470897 10.057453209941012773 6.328524602416477407 10.326090516051277035 7.1559752066594928266 6.926154353619200954 10.704019037652216184 8.7256178665644839043 11.570551753596362232 11.482170528001763188 14.742586828224434115 15.135455990513776214 41.478625916814934271 59.090453732633164918 164.63385586951778805 197.77002894657957199 223.25921981979001885 266.81396390373788563 280.98252865160867486 244.11173311086011495 186.11681018978680413 113.78748917957497611 51.370818019900134743 13.548882359386544394 7.7005038529340605891
 -9999 -9999 -9999 -9999 16.723618745911508654 43.222637276690413444 13.417067818498090048 9.933391089776014482 10.076949630937765079 11.494867445696220543 12.074049716511913388 15.421567448406902301 14.409537852610579733 13.229288403411624486 17.125237821938412708 31.402576521259721432 51.321435726480409301 45.771055165584257907 59.946955086632996768 110.45464685452296294 211.92301055900591678 634.03567782917059503 770.72970859494944307 733.46855840609555344 309.91666059463955207 190.28147111219061571 144.03291084465138283 72.569721261229545917 18.672406404365830213 15.324673017569889311
 3.2923157497668888993 5.3815263976464118301 8.0068341003605105755 14.400707177247323187 17.631324142741068073 18.054944052666115795 15.14065332159496613 16.167280250904703109 24.527307959125394632 15.836983066197358738 15.338547031401624565 22.789517972489843345 27.688305147043820398 15.59646520308982609 19.906995668329923177 36.565936360753099166 39.326934039338816262 47.462461261208801488 62.1570824651679672 111.69474301656937598 239.26242755596274492 780.16557755425685627 949.05800523955497283 930.81993831614806822 405.49014270374607349 262.43362091817886039 148.77475290425712728 82.172647194418047434 22.25690259621109135 13.490275827301399403
 3.4923249963180174049 5.5170318717742921066 7.9447837976688173711 13.846819751992892833 15.247473948252476816 17.145714869645033218 15.445314950854580616 16.108905863217415799 17.258072549297253317 20.658410353869591347 33.976121998670564039 17.795922660692959028 15.756626989048791998 17.046619526607820205 22.062565077610603481 37.867736241700129085 41.204260526309077761 71.651540076963939896 87.979992398713079638 158.05095298589657205 310.91827674337014287 801.35504752776955684 1204.3587614916102666 961.39141487212123138 420.92283719044166901 263.58663457085424398 211.95982384357208161 141.63487761634206663 28.651340254845077737 18.979259990423134496
 5.7622711679861442491 10.444245582195916811 11.145867532234571939 8.9364100910303072567 9.2128094402124176554 13.35599188992487818 19.387127343074237018 24.688021767233632175 23.403946616405434611 20.452373797389910237 24.975322568329438866 17.959924907180933928 16.534530321173679823 21.290946866241458935 23.232937439850825712 26.217110921213560459 28.170359200818069212 81.077748829291209631 100.20479734453709852 176.56434207526930891 743.86145210492145452 386.72076929837601256 450.15802207002593605 599.59030617279142916 400.0864925182298748 368.619954144033386 257.82212616324267174 176.46700646829449965 33.314824495141948546 21.580509610070457427
 5.3526453745628392866 9.4594453997360368191 20.268657785267315319 7.7689316859259989201 6.7484165085746212753 9.1495731003474780607 17.817810971719836743 22.132628785682175732 24.41322293461806936 20.646900814106697197 17.237040390980997273 16.381456983580019227 14.825866829071788544 19.91080614418061856 31.118509578260386661 25.030467070775202387 37.034683811681404109 81.157850379885047687 97.681500700284559002 140.78023698463945834 170.86599291988312643 220.09006721537085127 267.273997766712057 321.30458978798236558 443.99172045043013668 425.6218474484262515 266.92246392013555578 175.98048549572058619 25.046458638642498329 15.830710239337216549
 5.1359550780660123692 10.215975311358723943 28.613993344313080058 6.6014368819046680414 5.6718191957886325838 8.0239063327430830697 16.371168987416229612 22.28096142801975077 48.475842731701710875 21.935412826389889318 39.250446188660518487 18.766733608317540671 15.11331260526929654 15.125561115862089068 19.843562639946302539 35.550430906691367738 109.25785339838283505 107.19034541615269518 130.66202796376660444 140.65615999501500255 172.76136377002083577 204.87247300073488532 268.92308949085941094 305.40110735630395311 392.39769609754091562 1286.4325431582146848 275.32739183335468169 127.11264453115134643 26.093558760465850099 14.645311680731243342
 1.8569989238042861057 3.5379897558470987384 4.2066904406073621914 4.6291963786211924869 4.2119977330997828702 10.195194902568097461 10.581858787948801748 14.377291806676204544 29.779615557166600581 17.073942994830300535 15.498883736525566945 15.204399255463874496 18.411971420218883111 15.13877598056887841 28.197889991743380733 46.139461511340861932 234.70738516165698684 128.18051046605287979 249.62568309542660927 270.6750917575561175 263.74745515025932718 175.71262927694940004 127.24180888257821209 245.33058475772369889 286.5802589099433817 204.05779515218983988 137.07482925213895442 51.241929485462527794 16.539725604028031825 9.1789931344660065093
 -9999 -9999 -9999 -9999 -9999 -9999 -9999 11.152836022796813964 13.893083293462044736 13.721071826412535088 13.041547500487375544 13.446291723197520085 15.755997525961213057 14.852365373742014043 19.352728001703990657 43.709593164159500134 77.826316156514167233 119.99193817282669272 248.56512263371575955 357.33284278457557548 218.70099088001055065 80.098322943026346366 50.031328074566850717 41.832465266740982202 39.951113664122338776 18.422497914999297564 17.266384331646744243 13.762203357136989723 10.248187688216432889 6.1789448313681782921
 -9999 -9999 -9999 -9999 -9999 -9999 -9999 9.5351748372051421399 13.631360836536515535 20.523865786345741213 17.05089804779305851 19.32925426575354777 19.250614921148155645 23.345875220388776938 20.934131516759350689 37.96920931349639261 63.719749493369519655 94.121064867361951656 215.40917802259997416 225.59729065531601577 192.01479795628205238 76.329733363881302921 36.057356017608455545 30.87299622913640107 25.825340643830042353 15.185864309190417742 13.024226349440791495 10.607621602758998236 8.4659803233581936155 5.0543645382506738883
 -9999 -9999 -9999 -9999 -9999 -9999 -9999 7.1901675348442264379 13.317626246531874656 29.506391642959719945 35.266001962519553103 37.458186551975984457 46.34888655403238289 21.359626132363683126 22.45300260295679351 66.738712113220273636 61.118895884085134185 75.603200484586466246 90.772600953418006497 94.349816332874638647 78.590644166599332721 52.278999378177140045 27.260453755313864832 17.287881370319013286 15.604318801511661619 11.281904952203065662 11.467497314463921398 8.8550438029186189226 7.3064829474976775714 3.8361617754210897147
 -9999 -9999 -9999 -9999 -9999 -9999 -9999 5.3021069480360196735 14.456466433012915118 31.037046593860509347 36.715524305127871685 38.627529574176989513 24.801565653014456814 17.778662336420577361 19.341635543606859216 20.655206077579553181 43.239226084588736398 56.386285983320185267 67.261647814630634912 56.009873229396816896 87.272993663419256904 40.273959689430952835 15.117915898549460607 8.1616611291343428292 9.0319849436153223365 6.8963772886954828323 9.5341009383306030145 5.8157147500750685509 4.0062712368069881563 2.5501488185004426157
 -9999 -9999 -9999 -9999 -9999 -9999 -9999 4.6063690495492712884 9.8129413725122578427 25.8391967546991701 57.083941891684716552 30.222992543411091759 18.614743918352687047 13.912957872160577111 13.432495448272007366 14.333098959037915421 26.911488096681793536 24.60610232151173804 35.768953712832001202 43.434925834146220325 22.401172214854042863 14.973622939410297761 7.8790389836442296101 6.7729334511539605046 6.6712535783274713452 5.3678317251155904799 5.2352364491002552072 4.4906110375506500532 3.8542521499319000178 2.3561376820962176559
 -9999 -9999 -9999 -9999 -9999 -9999 -9999 3.0423726701512432413 6.4407323760928587575 10.687815872146432028 12.773473193708017703 13.238463109732652612 9.4787482462425352026 7.0792126101996117882 6.3967756442795975502 6.3574688818427258497 10.621591622806732857 12.584345895262472936 11.10046199611062967 9.2116807101872808516 12.73426248218881085 9.6382645242809878994 6.1102039828763015095 4.0816029396680706398 2.7852079906919322561 1.9932585259495989582 2.5638468238622467155 2.747018980483953321 1.4605798674560506178 0.80299909925692325441
 -9999 -9999 -9999 -9999 -9999 -9999 -9999 1.5058413871089859626 8.2467093534172164482 3.8332681183840970895 14.185992457779075693 4.2801980840720208477 3.8521082630034357841 3.6160817373204987568 4.9427305909945991047 1.3292795842026574604 1.7083718358299484485 1.9923536253515679029 1.8738312085421733322 1.6324333163288164972 1.8181021376979069615 2.8158774916325901572 1.69668206342569583 1.7665041829849910116 1.6330747845322868272 0.67613394570170881615 2.076365284284445778 0.90713903374270743463 0.66028068739841228041 0.20513498712556477166
