test/input/precipitation.asc
ncols         30
nrows         23
xllcorner     0
yllcorner     0
cellsize      1
nodata_value  -9999
1.41814324 0.43950932 -0.1094316 -0.61675112 -0.45603714 -0.22706 -0.47817579 1.58327754 0.29660745 0.3657341 -0.2539419 -0.04574557 -0.76322116 0.64752134 -0.62502575 1.5471197 0.73922759 -0.82803377 -0.62509497 0.16325444 -0.43668864 -1.55854358 -0.16838116
-0.43604101 -0.5053879 0.75804529 0.40437126 -0.18729863 0.50975401 0.28638068 -0.65167946 1.81329229 -0.75893391 -0.42347592 -0.74353024 0.62969064 0.54702231 0.67750794 1.6565343 -0.37593932 -0.6587995 0.396997 -0.77105027 0.13995968 -0.51308258 0.04338375
0.07242878 0.67401383 0.88479458 -1.32826673 1.67678392 -0.71766504 0.31268746 0.62137187 1.34158982 0.32129691 0.61393942 0.40038746 0.65412269 0.96749726 0.03106791 -0.89051842 0.45684154 -0.97678093 -0.75925393 1.06880774 0.0016801 0.77152319 1.45532983
1.00987403 1.05392126 2.51837139 0.64604231 -0.69346449 -0.48541792 1.82015782 -0.0927243 -0.64347286 -0.81116619 0.09146087 1.96284472 0.95828704 -0.06658525 -0.08661124 1.57905362 0.21294802 -0.47508446 -0.57058565 -0.6528921 2.7365231 -0.34081825 -1.39533462
0.60712541 2.93492513 0.48504901 1.17286062 -1.44494549 1.3827107 -1.58598763 0.39378785 -1.29987832 0.68149524 0.40710131 -1.37215816 3.08137549 0.63467248 -0.13784557 1.02012495 -0.24557231 -0.24959268 1.13866041 -0.23780629 0.67568043 0.00769886 0.6139125
-0.44120869 1.05754462 0.27217279 -0.36473423 0.3655172 1.38695162 -0.66125601 1.94153882 0.8194964 -0.22435693 0.67085025 -0.60467599 1.10376422 2.31831488 -0.55452736 -0.61897321 0.90896509 1.592368 1.03994074 0.80961215 -0.88990078 -1.08293498 1.0098874
-0.65427937 1.73407837 0.24449957 0.05976819 0.2627156 0.43023674 -0.19819804 -0.32788989 -1.20763646 -0.41138184 0.08848037 -0.33778332 -1.19468274 -0.60839777 0.52027947 0.28288567 -0.08167184 -0.22120521 -0.3726272 0.75880542 1.40828002 -0.06336695 0.6791415
-2.39322079 -1.36314679 -0.14939714 0.1082985 0.88300952 -1.59275971 -0.06766537 -0.78503871 -0.02190058 -1.06157889 -0.00502809 -0.40456041 0.81555386 -0.35413191 1.00776464 -0.05697287 0.20806424 0.32496191 -0.85886455 0.75908199 0.8520682 -0.27504242 1.40843427
-0.93258673 -1.03708946 1.26616266 1.38778577 -0.58312685 -1.52519291 0.83909054 1.10993434 0.14517992 1.29122836 -0.11164339 0.24085038 3.18679137 -0.67147573 -0.39290416 -0.18717067 -1.77780912 -0.1525671 -1.1076519 1.07762301 -1.30704296 0.65474236 1.37037632
-0.30559793 -0.75693768 -0.00249384 0.84762965 -1.01501088 -0.01420296 -0.46475517 -1.52266651 0.55908925 0.99465185 -0.76331149 0.29051366 -2.13734595 -0.12201452 0.44612997 -0.66386763 1.30531229 1.50240557 -0.23235669 0.21567379 0.0973697 0.90795788 -0.97927834
0.93394531 -0.20506397 2.16427473 -1.09282403 0.58389844 0.19683826 -1.15079104 0.16917623 -0.85766669 -0.00097077 0.88109798 -0.22894352 -0.13037927 -0.17439359 0.95124118 -1.16151213 0.28393551 0.28995278 0.23773133 -1.40931017 0.63569581 1.46120672 -0.13542073
-1.01014482 -0.13893592 1.58724174 -1.15677662 0.86939133 -0.35851818 0.65772753 0.66772191 -0.02340576 -0.29336411 -0.36927944 -1.5815146 0.31503112 -0.28243321 1.65400331 0.97161132 0.65049065 1.0175239 -0.39532069 0.90753148 -0.52619675 -0.98603937 -1.11009196
0.45926008 -0.06216342 -1.33169965 0.49187862 0.22844178 1.36897035 0.7818154 -0.08165991 -0.88683893 -0.29523077 0.51582431 -0.52800538 0.84702735 0.23691305 -0.17000502 0.39077947 0.37089518 1.82942056 1.04104605 -0.15649168 -1.88535359 0.04478251 0.68142105
0.07615635 -0.20750109 1.02671155 -0.08433177 -0.73592006 -1.35769383 -0.81283836 0.62672689 0.44579267 -0.14614399 -1.16547567 1.8523874 0.02341011 0.05905743 1.09613919 -1.74967791 -1.88333727 -0.37750234 -0.27755292 -1.77448072 0.09790786 0.38158751 0.21650827
2.15978618 -0.0766455 -1.31992576 0.28600852 -2.53831297 1.06491415 1.2104951 0.86600548 0.67333753 0.74265797 0.12356726 0.88711538 0.88901547 -1.80686756 0.63180721 -1.39577334 0.04089494 0.3135322 1.96611875 -0.0682309 -1.22843699 -2.07137702 -1.05547223
0.33092415 1.44376885 2.05827476 -1.86811697 1.18198552 -0.99517859 1.24691668 0.89821121 0.10883283 0.34456838 -1.97543677 -0.1981178 0.51390089 -0.24141185 1.21324238 1.36330368 -0.04778962 -0.96077257 0.48576134 0.521122 -0.20235918 1.02379118 -1.35930116
-0.06334124 -0.53361523 -1.74792673 0.47166124 0.97857717 -0.73533012 -1.33472322 0.75703033 -0.24748507 -2.52180723 0.70157666 0.68437623 -0.98213481 -0.05969316 -2.19246893 -0.18077024 1.56106139 2.12176108 0.98473329 -1.37174477 1.1711718 -1.6541414 0.69040801
0.00330186 1.48073029 -1.56643597 -0.9256088 0.13654747 0.2793059 0.78951211 -1.35924563 -1.51933351 0.45799549 -1.47527616 -1.47389699 -0.95641064 -0.48556947 1.22623248 0.08399456 0.12279147 0.35399303 0.63339808 1.66654111 1.31851302 -1.41082888 -0.63860953
0.38338626 0.20038949 -0.96997225 1.77302177 -1.13760971 1.0479206 -0.48820361 -0.45115464 0.80354646 -0.14756121 -0.44060045 -0.69436994 0.95764073 -2.14399674 -0.38357541 -0.00812028 -0.63735588 1.34900585 0.51243803 0.4736024 -1.54439753 0.19667404 0.1926567
0.0850297 -0.94979618 0.15665508 0.11028945 -0.08283446 -1.17283057 0.58429454 -1.26028258 -0.18148465 0.57744427 -0.76671204 -0.72935811 -1.53490194 -1.68075085 -2.09479403 0.01372442 -0.76217224 0.57672441 -1.08964614 0.60603192 -1.19167889 0.02549663 0.1813211
-0.71108468 1.58478954 1.09336776 -1.49725725 0.52963605 -0.61171841 0.05775424 -0.77094616 -0.34225923 -0.81220474 -0.44638605 0.25068802 -0.17392838 0.61992435 -1.88376922 1.47008747 -0.38436468 0.12803223 -0.4266645 -0.84773236 1.39308039 0.27764349 -0.45764156
-0.02767729 0.26364287 0.29593415 0.86631214 1.1453631 -0.34678019 1.95184572 0.26124537 -1.02539259 -0.2195391 0.02554218 -0.72171629 0.46443937 -1.48280179 0.24844259 1.29698772 -1.06122884 -1.87349015 -0.21046495 0.11183514 1.00296859 0.50010752 -0.88570458
-1.04322273 -0.17790994 -0.33806623 -0.38530011 -0.27267504 1.62518329 -0.02360963 -0.8677839 0.92110721 0.19500269 -1.69729182 -0.12570339 1.10933258 0.81956383 -0.28819977 0.36877511 0.24753272 0.52848499 -0.23995727 -2.10458787 -0.08945818 0.75598818 1.13955076
0.51315949 -0.8278134 0.72269832 0.85657693 0.11587888 -0.91790948 -0.58665928 -0.76380282 0.46243473 1.171476 1.72575871 0.88590511 1.27703665 0.27296733 -0.4204528 1.48036293 -2.36920716 -0.73106601 -0.18228076 1.55852649 0.02694707 -0.75759703 0.22250805
-1.10891915 0.36346737 0.26067512 0.8478113 0.27927957 -1.29860855 -1.27132698 0.30222778 1.65033201 0.58809884 -1.17599939 -2.2256146 0.44042824 0.57617429 -1.47308626 -0.46143111 0.10107597 -0.31787883 1.39352419 -0.1013463 0.02334362 -0.39193715 2.08392025
-0.47291383 0.14800795 0.42356217 0.67909774 -0.00871567 1.57447977 -0.08668945 0.21272005 -0.34613318 1.0408036 1.71051135 2.45016207 0.73646383 0.10414138 0.46425885 0.39188271 0.17644944 -0.33960436 -0.48251347 1.26088259 1.44945591 0.3065326 0.40854363
-0.82557113 0.71303665 0.84049305 -0.10268282 0.56831809 0.24859806 1.014439 0.93276963 3.32388996 -0.01305305 -0.06769663 -0.01049746 -0.45205445 -0.48932235 -0.98863572 1.51283517 -0.71067384 -1.5871252 0.78458642 0.48579834 -1.82572689 0.1268707 0.06998924
-0.35985671 0.98656926 2.0923062 -0.28792019 0.33973755 0.34756942 -0.18816411 0.74058095 -0.21554345 0.4527775 2.09322911 1.06479754 -0.02776837 1.47992653 0.82021491 0.19730623 -0.90501649 0.24521022 0.996907 0.10090141 -0.6206646 0.304279 -0.68805167
1.26871665 0.48669083 -0.5991272 0.60740405 -0.59952565 -1.40078078 -1.98673454 -0.88568215 -1.83652318 1.01682348 0.82475839 0.40601366 0.72244896 -0.8975993 0.43424035 1.1181081 -0.30024807 0.48665235 0.43222721 -0.22360238 -1.46321788 -1.77296338 0.05963774
-0.52369093 -0.27248111 0.77466719 -0.58640092 0.80697948 1.44536955 0.51908577 1.26479226 -0.42714278 -0.42820887 -0.52230368 -0.16890086 0.67513344 -0.34461699 -0.13134153 0.05552223 -0.10849722 0.24013998 0.67403793 -1.37509613 0.42953523 -0.49391614 -0.27518274
