test/input/precipitation1.asc
ncols         30
nrows         30
xllcorner     0
yllcorner     0
cellsize      1
nodata_value  -9999
0.2182851 0.06583917 1.13626265 0.10502548 -0.79125878 0.88277907 1.09818353 -0.36485588 1.38422347 -0.53368944 -0.10567639 0.30304935 0.36737199 -0.98905729 -0.11596649 0.78913854 0.14164843 0.37450109 -1.26305784 -1.27885973 -0.50254933 0.06686289 -0.39130322 -0.5559831 0.71832046 0.2195783 -0.15510709 1.2116374 -0.63785775 0.3708668
-1.34943578 -0.50948004 1.51789228 0.61768844 0.89724231 0.45166651 -0.83940656 -0.83112317 0.12685442 1.10740335 -0.23712046 -0.90397385 0.01920759 0.4840611 1.05626468 -1.06131274 -0.45016457 0.29771333 1.95608112 -0.37569643 1.18742701 0.32390511 0.75549476 -1.24661709 1.40897879 -0.62541604 -0.61467094 -0.09014003 1.28820165 0.44155871
0.2065272 -1.36999164 -0.2857674 -0.75633015 0.5657616 0.54386531 1.16285202 -0.18291356 -0.8358924 0.34231949 0.19096637 0.30126606 -0.35997323 -1.02574204 -0.62689907 -0.28866828 -0.24687397 0.49113613 -0.91643422 -0.48803433 -0.01912105 -0.0206026 0.75958483 -0.78699648 0.24035303 0.91325602 0.33381138 0.42612099 -0.67605836 0.02101342
1.26050576 0.04500487 -0.27293198 -0.4259359 0.98611674 -0.92133036 -0.59049351 1.82021608 0.04987039 -0.6894542 0.58955714 -2.29686502 -1.35598537 -0.76760794 -0.56380252 -0.41671672 0.08533551 -0.34019719 -1.30869499 -0.43274782 -1.23805688 1.22036585 0.59806442 -1.44863098 0.44059414 -0.4974124 -0.66240124 -0.18054949 -0.23027028 -0.95930198
-0.5996163 0.84980716 0.95334687 0.19857423 -1.34621425 -0.66341806 0.28109889 0.36907831 0.51680566 0.59303459 -0.73039244 -0.19975801 0.71675193 -0.15857697 1.1825541 -0.81465428 0.32448732 1.36594728 -1.1569957 -0.46059637 -0.8663282 -0.78060102 1.891596 -0.95592551 -0.9854018 -0.23597329 1.12310074 1.88269725 -0.91818716 -1.33780931
-0.99051476 -0.30422115 1.08595558 0.28057584 1.28768256 1.14440916 0.34022688 -0.61971694 0.69112361 -0.09567627 -1.19189182 -1.99123483 -0.35395903 -1.40776306 -1.23089664 0.2940985 0.42816111 -0.87545651 1.14969117 0.06544856 0.17373353 0.48010289 0.69369512 0.62476557 1.14668655 0.29510359 1.63346204 -0.82112753 -0.51080396 -1.07571867
0.67816719 -0.13235685 0.02208491 0.42997703 0.80795276 1.89721043 1.05545933 1.70018658 2.70093493 1.06761569 0.05333826 -0.06372764 1.29578443 -0.60013914 0.58512531 -1.1168751 1.5871492 0.49373879 -1.38955313 0.66396574 -0.80317505 -0.06384665 -0.64273028 -1.55213686 2.20952009 -0.71027478 1.93673821 -0.81114912 1.18227017 0.20268694
0.35650305 0.55150431 -0.34084938 0.95986109 1.83582508 -0.51092702 1.47828426 1.50259211 -0.91014571 0.37604251 0.40629427 1.51867551 -0.39259351 -1.34837269 -0.12732998 -0.50395538 0.99766267 1.02920915 0.24781428 0.21302259 -0.42925634 0.4670307 0.01503722 1.02419612 -0.74468315 0.72895006 0.54894075 -1.74230279 0.40993523 1.14522839
0.04276925 0.51796555 -0.55574413 0.14154457 -1.75565849 0.06689036 -1.60161496 -1.09605823 -0.22479882 0.00226787 -0.66467739 0.18881901 -0.45356878 0.2711413 0.10961941 0.62675062 -0.91586679 -0.081817 -1.03723643 0.50140229 0.18169886 -0.56209812 0.98204475 0.94073561 0.39138995 0.32962326 -0.02828383 0.08850888 0.84978526 -0.98618988
0.80044699 -0.22826336 0.02857732 -0.0196838 0.4738026 1.02814925 -0.14436043 0.10643507 -0.79385622 -0.40114327 -0.54780587 0.5491317 1.86241232 0.64208192 -1.00701675 0.33799069 1.94053317 1.89635494 -0.1339969 0.42216159 -1.1113247 -0.84665213 -1.07529737 1.19110515 -0.22844273 1.13997478 0.95977067 2.42922524 0.93343667 2.10979162
-0.21216592 0.24034338 2.10238525 0.30766686 -1.02994689 -0.52231434 -1.18225546 1.38778899 0.04286163 -0.49557128 0.08628853 0.04247007 -1.42536782 0.08923046 0.53611651 1.87607025 1.67055296 0.43218931 -0.29844874 1.33922319 0.36437611 -0.53344194 -0.28943838 -0.5155273 0.0002691 -1.75076738 0.04581366 1.1902982 -0.58906218 0.61467926
-0.32447883 -0.22624639 0.01602931 0.69527605 0.88136988 0.88625761 0.12562019 0.5071311 -0.94467386 -0.26342549 -0.38355374 0.62145629 -0.82984287 -0.50310105 0.38686286 0.43824752 0.83094339 0.42939868 -0.14411628 0.01421125 0.12166007 -0.95691709 1.06756872 -0.60057754 1.21319563 0.53735197 -0.038977 -0.52761349 -0.67133897 -0.67739959
-0.02525988 0.17164612 -0.48508867 -0.06076318 0.40735368 -0.36825228 1.33853036 -0.35544304 -1.53099943 -0.54139119 0.26952171 -1.37158622 -1.15054915 0.78662401 -0.39299667 0.23743793 -2.80006183 -0.54867741 0.23590961 -0.36651765 0.13168051 -0.0926694 -1.90965244 0.44983385 0.45969641 -0.14802975 1.12725053 0.55025029 -0.43772912 -0.40882846
0.4859816 0.5106071 -0.05515721 -1.56897531 0.33724444 -1.23268413 -0.360073 -0.2272146 -0.923487 0.10835556 -0.34941414 1.35417953 0.79913339 -0.17149106 0.42493217 1.08748714 -1.31853466 0.88082415 -0.62116505 -1.45173545 0.67355514 -2.02738003 0.53558837 -0.60900997 0.34052238 1.53398611 0.1555945 1.25315164 0.96581763 0.6224962
0.53883916 -1.05745768 0.8428882 1.15077463 1.31013704 -1.96702867 1.31037153 0.13380612 -0.23388694 -1.03131769 -0.00962362 0.85118512 -0.24159783 1.43649938 1.03772818 -0.39541504 1.60968202 -0.09603961 -1.00843835 2.28813188 0.48934463 0.56337866 1.66831219 -0.12833172 -0.76520789 -0.38827672 1.01281211 -0.43350389 -0.20279473 0.26308374
0.01451207 0.70861742 0.832659 1.27639579 0.01397274 -1.80936012 -0.32205706 -0.01909731 0.22760712 -0.58396338 2.27897266 -0.88393922 1.38228062 1.10573032 -0.51163605 0.35258407 0.11528831 0.89911888 -0.25409006 0.27742885 0.83278449 -0.6776349 0.0583335 0.97682676 -0.66372353 0.42795585 -0.53876826 0.85257347 -0.32637927 1.95073343
-1.54119826 -1.06304899 0.76173217 1.19906909 0.93139654 -1.0045946 1.21429513 0.07910764 0.76955299 0.77603114 -0.60242787 -0.11885234 2.60726882 1.21769362 -1.00116029 0.35732777 0.88500378 -0.7530862 0.38997776 0.36421195 -1.95946287 -0.37304682 -0.42435367 0.6076051 -0.8861433 0.70550503 0.57642647 -0.55307029 -0.72291882 0.89529365
0.09143748 -0.36082132 -0.47512541 1.13826675 0.00765736 0.85094111 -0.90590967 -0.02407531 -1.21599854 -0.97021918 -0.03265643 0.4125835 1.17077641 0.19039007 -0.5937009 0.98022685 -0.20441144 1.53120632 -0.63317593 -0.39289361 0.31482843 -1.12185605 0.05031629 0.66880378 -0.95159712 1.1597438 -1.34717849 0.16846729 -1.40912778 -0.21809431
1.91455508 1.5943007 1.32672628 1.19103153 0.20406281 -2.17203194 0.20100374 -0.37492746 -0.65843269 -0.52029874 1.65875131 -0.19493633 -0.22943199 -0.48970093 -1.52616454 -1.42654937 0.34474934 0.88652757 -0.80236296 -0.84235197 -1.20116375 1.22842495 -0.15974728 2.35645754 0.90155008 -0.88421042 -1.95025082 -0.64072699 0.83767341 -0.28405976
-0.19485579 0.52476292 -0.35675124 1.10424611 1.57964413 -1.01021368 0.6428231 -0.20686762 1.05634442 -0.110125 -0.39021272 -0.40893965 -0.99981893 -1.52676835 1.39404451 -0.45326397 -0.43743539 -0.09892173 1.46240536 -0.23218673 0.31906796 0.31385538 -0.77308187 -0.13190139 -0.11200822 0.67611971 0.07055898 -1.97953579 -0.19052484 0.99623487
0.94469146 -1.25994063 2.06172943 0.8957859 -0.35679325 -0.0131774 -0.36474275 0.21550016 0.10447685 -0.97623485 -0.14486994 -1.22564285 0.63344061 -0.03602208 -0.55327492 0.76411259 -0.24258586 -1.11382908 -0.28634029 -0.25622572 -0.68539689 0.38392391 1.83170342 1.44951138 0.59346543 -0.62997603 2.22061783 -0.85083215 -0.44105101 -2.35068968
0.42218984 0.07437465 0.57385534 -1.22932605 0.12932349 1.38677723 0.53284417 0.28605264 0.50551761 1.34614076 0.8988409 -1.04978208 0.07855023 -0.9199227 -0.57814311 -0.62555109 -0.69625749 -1.24226503 0.0556271 0.61014524 0.76609843 0.07820441 -1.3724197 0.3054529 -0.94545119 1.48275114 -0.08039361 0.11733633 0.55663114 -0.24918297
-0.47557577 0.48007833 0.06366614 -0.50671719 -0.6316416 -1.386356 -1.46990474 2.01159705 -1.67704729 -1.53941148 0.61843334 0.90655155 -2.35432355 1.56190942 0.47249673 -0.34867205 -1.50444132 -1.41207771 -1.17576993 -0.5593019 0.6928639 0.25416853 0.48224415 -0.09341754 -0.50335489 1.16300604 0.53462642 0.09356734 0.26676928 1.65579575
-0.09038227 0.21203712 2.99510137 1.38157404 2.09117805 0.46370946 0.28865195 -0.22273208 0.14437273 -1.75549654 -0.5102225 -0.04701996 -0.62943014 0.50101575 -0.86253547 0.22119443 -1.53138504 0.93687302 0.32293715 0.05690409 -2.35294195 -0.22211254 0.63413388 -0.42509779 -2.73661695 -0.98660382 -1.68902882 -1.3342585 0.93747616 0.4151756
0.59194119 0.4266976 -0.57920398 0.41130005 -0.84960568 1.00642592 -0.73573679 -0.14681237 -0.85346248 -0.76571144 -0.17756604 -2.09416963 0.2984575 0.77497118 0.21347982 -0.74317066 0.13806103 -0.95054325 -1.48874256 0.81003156 -0.47124294 0.65437242 -0.79912581 -0.23563876 2.21562768 -0.87688877 0.44238689 -0.16368068 -0.84842549 0.56484991
0.4730739 0.88599488 0.23948873 -0.6697046 0.71612401 -1.16234299 -0.76003752 -1.43395438 0.89334017 -0.66808355 -1.0400713 -0.34881425 -0.06341792 0.52921526 -0.03202388 0.33659903 -0.86092527 0.29864721 0.69144169 1.40974284 0.30069742 1.17362069 -0.35857421 -0.25042511 -0.64859718 0.52250281 0.08555463 1.23570054 0.21486934 -0.28426993
1.67555873 -0.47922345 1.17941764 0.3464687 0.32954854 0.71436024 0.94697168 -1.17582139 -0.16812874 0.26234902 -1.07879352 -0.79619017 -1.73094131 -0.32409921 -0.28783179 2.16142284 0.85063564 -0.71325163 -0.17370558 0.47220617 -1.42212967 0.03542574 -1.05026914 -1.4037512 1.7941519 -0.46320504 -0.9395279 -0.86140875 -0.9551126 0.0104836
0.41189015 -0.26068661 0.04653504 -0.18707845 0.26852703 -0.23467335 0.23273315 0.3736232 -0.92430077 -1.17762932 3.00751943 0.24179364 -0.03890233 -1.24496598 -0.42520037 -0.76874893 0.8801713 -0.27470066 -0.84080013 0.61056092 -0.8773847 -1.38728541 -0.06797706 -0.27514651 -0.18543561 0.98913673 0.36573794 -0.63830291 -1.13763755 1.15563724
0.8641465 0.69490166 0.88412341 -0.12186365 0.28487261 0.05521204 0.22200229 0.52726569 0.66273628 0.54137345 -0.0171296 0.19756611 1.23023556 0.62399092 -0.162656 1.20084005 -0.51453639 -0.4399689 0.74935577 -0.09015285 -0.03315944 0.4832363 -1.63712601 0.78239507 0.5543796 -0.1908259 -1.0115747 -1.12640622 1.04872563 1.08153892
0.38997315 -0.41375287 0.45168101 0.24841024 -1.2971746 -0.50070062 -1.23727508 -0.50215765 -0.87227697 0.62629416 0.54446927 1.61695436 0.50305219 -0.96348252 -0.54554791 -0.56544946 -0.60450418 1.42197692 0.55942857 0.71685108 -0.42808085 0.88727321 -1.04591779 -0.83138051 -0.99141874 0.88810491 0.60709584 0.09861229 -0.75387066 0.17410599
