test/input/resistance.asc
ncols         150
nrows         100
xllcorner     0
yllcorner     0
cellsize      1
nodata_value  -9999
[rows 0 to 24 of 100, columns 0 to 56 of 150]
0.82024219 0.76889256 0.36023399 0.75440206 0.15591017 0.46632927 0.00355905 0.80201617 0.70440456 0.25100442 0.16211936 0.55569144 0.53876652 0.4061696 0.91554602 0.92943721 0.56933591 0.30885161 0.54549468 0.53339433 0.08128748 0.47185795 0.02827515 0.59433621 0.28398508 0.39720299 0.55899517 0.81842683 0.3116583 0.56896052 0.40556089 0.05162049 0.40633125 0.82733587 0.69678552 0.71866687 0.65022359 0.16946682 0.76797352 0.32495513 0.92713229 0.69978589 0.65807991 0.07603222 0.931945 0.087065 0.41132442 0.3416777 0.80592941 0.83186006 0.9351697 0.41366893 0.52999039 0.67783826 0.45825796 0.3673202 0.05707918
0.09847753 0.88559347 0.39696086 0.71962541 0.37383874 0.7825585 0.17495493 0.66084372 0.9815308 0.58463556 0.81628127 0.25200847 0.87999872 0.84926344 0.57531894 0.96937826 0.85359714 0.73681158 0.06100702 0.37718456 0.56504982 0.69912479 0.43467971 0.40188157 0.02372453 0.52950291 0.29646611 0.9334213 0.56445723 0.62174497 0.10015836 0.43867185 0.19079208 0.64468487 0.88515338 0.80395181 0.2953007 0.83293292 0.63566174 0.77371292 0.67227787 0.36845094 0.4372343 0.46354803 0.39249285 0.45007712 0.09057056 0.20698482 0.44789393 0.52941407 0.52677688 0.98020634 0.12637164 0.3869025 0.62045397 0.70072388 0.73821906
0.59485962 0.16249078 0.86777868 0.68086603 0.01948631 0.56017996 0.86102913 0.94452682 0.25778915 0.74846381 0.98808432 0.40782841 0.874115 0.24408995 0.2783123 0.97155728 0.97593831 0.20189027 0.49526255 0.61289577 0.41633022 0.7176321 0.14857281 0.66902835 0.60624734 0.57088963 0.10251249 0.49492239 0.96276552 0.36769542 0.07328855 0.99212345 0.52989818 0.08187293 0.81660157 0.14388258 0.28759253 0.50731945 0.06332799 0.68330834 0.58675416 0.84416712 0.81734958 0.91576999 0.98295083 0.73580195 0.73531358 0.06167691 0.8973211 0.09757359 0.63979809 0.31692118 0.54747997 0.10218629 0.71781136 0.15976395 0.73588751
0.7365172 0.5852568 0.17455252 0.06591426 0.22538143 0.42773974 0.78161108 0.84606622 0.88697398 0.76553047 0.93343615 0.72596567 0.87844588 0.63166578 0.7702429 0.92676937 0.55394083 0.82819837 0.99939497 0.37215944 0.82832133 0.33776254 0.7988819 0.17158936 0.30342511 0.28466722 0.56475156 0.24997886 0.29332943 0.8319805 0.83622514 0.35830808 0.13809158 0.71860515 0.31858989 0.3135007 0.6035029 0.3711798 0.13923932 0.90463841 0.07811784 0.60474846 0.24233172 0.5122364 0.45110091 0.47111052 0.86999927 0.68069824 0.22493929 0.34940829 0.85285289 0.1076839 0.98502437 0.06854453 0.63637437 0.36548781 0.28217111
0.98087667 0.23319953 0.05716732 0.29790342 0.32809411 0.30849311 0.07295439 0.1319893 0.99556303 0.3817935 0.40761553 0.43903699 0.19112986 0.8835916 0.26305184 0.92510191 0.54459622 0.5444963 0.67068425 0.45660904 0.88360538 0.08603878 0.44325218 0.42760155 0.08387603 0.57050931 0.02898358 0.86967139 0.12944109 0.01767097 0.50645475 0.32960174 0.20320051 0.23480148 0.80658272 0.97713158 0.62038576 0.82753106 0.16856892 0.16146851 0.10659778 0.76222806 0.52096956 0.30190991 0.45490936 0.46071804 0.64046169 0.20858735 0.46650179 0.94336731 0.95675229 0.95857687 0.20055295 0.11989204 0.81450989 0.41266884 0.25920422
0.62648051 0.08992619 0.43473088 0.66808687 0.03515261 0.90912895 0.27605917 0.81191171 0.09857062 0.54082499 0.9071702 0.3635681 0.14373232 0.10481456 0.99544163 0.02093255 0.38666609 0.77036379 0.60079666 0.65666055 0.91761613 0.78943158 0.06971684 0.52233706 0.78165135 0.33621711 0.42426844 0.82720307 0.56132947 0.96664342 0.2490903 0.3428207 0.49891738 0.66888317 0.8699116 0.40429458 0.64811272 0.30646481 0.61358894 0.9320112 0.03252583 0.56009547 0.02774672 0.35679189 0.29064508 0.71832954 0.10304544 0.4691758 0.75849173 0.2963098 0.64407106 0.4858193 0.58234727 0.98663429 0.92464121 0.4641578 0.78909698
0.30795244 0.58870749 0.47268056 0.03118959 0.66637716 0.53412192 0.10152696 0.08396062 0.59289201 0.65071683 0.63458093 0.91912841 0.36153395 0.68834926 0.9949696 0.86039845 0.43251931 0.96478017 0.84210096 0.79804566 0.43712427 0.2753885 0.99186165 0.20670978 0.77338658 0.6194439 0.77912004 0.49644037 0.15619409 0.8673463 0.71075902 0.64728463 0.02727575 0.33860523 0.4574679 0.98501299 0.63653498 0.24360376 0.15061128 0.42702322 0.71233641 0.54649822 0.72379771 0.49271118 0.59912325 0.92708591 0.89486644 0.03396558 0.10090988 0.24319066 0.31986519 0.28549241 0.99724799 0.59115687 0.32814591 0.70221749 0.2841804
0.07691951 0.95091174 0.05454016 0.20005748 0.14051565 0.75707986 0.14644309 0.80704908 0.35770051 0.71641879 0.75868718 0.39026406 0.56474439 0.9741817 0.77185824 0.63171413 0.38919766 0.05096118 0.81124089 0.02454433 0.70378737 0.75157361 0.89486726 0.14014794 0.98709579 0.24934925 0.27788468 0.95804289 0.77680911 0.38597325 0.696785 0.14645529 0.70534283 0.09970035 0.57759251 0.01186399 0.62358871 0.1541143 0.06916892 0.55954347 0.88128938 0.33604257 0.63063991 0.10628496 0.42801173 0.50388182 0.98328556 0.05576437 0.84024212 0.40657794 0.21087082 0.08101488 0.16316175 0.73678622 0.72389104 0.96815392 0.3130607
0.13245202 0.20420127 0.80235427 0.66930566 0.94870901 0.88287078 0.25355903 0.35642731 0.51917776 0.95144069 0.07998121 0.34481878 0.0016568 0.24805288 0.6206322 0.34978777 0.57715906 0.70997473 0.38397146 0.00170808 0.70375723 0.62027685 0.79012655 0.9645125 0.52902445 0.25535893 0.27917519 0.40664599 0.52618497 0.80308219 0.08605638 0.08826169 0.60923616 0.49715294 0.12923688 0.0165636 0.5737336 0.84149019 0.24673679 0.98193497 0.92985038 0.07030219 0.51349119 0.14569263 0.29422797 0.35573574 0.30221903 0.65801983 0.11545478 0.6512579 0.64032063 0.6258821 0.51470331 0.09984075 0.23283909 0.76421012 0.1511835
0.40082907 0.62912771 0.9047568 0.21640794 0.73932963 0.44212434 0.31438564 0.09221224 0.44732254 0.70253501 0.67842819 0.11894737 0.04457203 0.04608838 0.53404368 0.82546616 0.02697634 0.5915585 0.39906429 0.39824928 0.88886064 0.83731311 0.05163317 0.00329103 0.3324657 0.63321102 0.41918757 0.30849224 0.33080358 0.60937795 0.90514374 0.54832839 0.02481662 0.70840821 0.03765274 0.48923908 0.50116435 0.50770741 0.26881157 0.79223833 0.03986044 0.10011713 0.60221961 0.04790602 0.42519182 0.88888946 0.23940728 0.20769317 0.86037572 0.26035574 0.79743204 0.28314253 0.69671679 0.25786943 0.76236351 0.7264786 0.62253625
0.32252094 0.61426542 0.91487329 0.77332282 0.05700849 0.1987739 0.0246639 0.64047508 0.39658617 0.67428082 0.58317831 0.25873333 0.1614983 0.82562718 0.13932679 0.28244531 0.21515252 0.35359794 0.45649156 0.14921895 0.42561906 0.78162389 0.70778548 0.86238504 0.44573503 0.65039786 0.01719811 0.72159138 0.03211315 0.4616916 0.38695726 0.3096879 0.52807955 0.83055758 0.17743325 0.15483084 0.38127441 0.43690474 0.33191897 0.01272501 0.96674115 0.77800882 0.31179325 0.50836233 0.26392292 0.52971691 0.74164938 0.90486698 0.21483666 0.7199855 0.69506879 0.14065213 0.66953203 0.21902282 0.17995151 0.0724983 0.59042075
0.65839734 0.67122506 0.70765955 0.33299432 0.993103 0.98671286 0.64485632 0.06092617 0.83499216 0.70953012 0.92536192 0.40696488 0.6084169 0.30961444 0.31830206 0.75199506 0.94132994 0.45725674 0.48408913 0.85148181 0.3741379 0.00440698 0.74081277 0.22321344 0.45907616 0.953753 0.78792498 0.88100211 0.05362604 0.19915967 0.01885751 0.19758482 0.56464856 0.65437565 0.54218853 0.57259066 0.01025958 0.25550206 0.3784237 0.48423003 0.97065443 0.07552092 0.45115201 0.52918543 0.56478599 0.9642084 0.2944184 0.56326677 0.90101285 0.97841477 0.37476441 0.75617683 0.73176865 0.33972829 0.85264724 0.9031193 0.16331868
0.85940831 0.23445627 0.3991048 0.20580945 0.65355208 0.2110764 0.91150847 0.70402667 0.0213515 0.71611785 0.17877936 0.57025639 0.19242701 0.42157035 0.69907211 0.08702569 0.65137956 0.79428771 0.47660797 0.21388079 0.57614354 0.09210039 0.67384732 0.06296284 0.82415816 0.75871483 0.82578358 0.26926667 0.90675311 0.35851413 0.7125299 0.7932252 0.95558664 0.33807961 0.2788378 0.7254006 0.42865991 0.86186206 0.44296813 0.60916883 0.69813924 0.89768826 0.08231874 0.04363873 0.01706288 0.3848774 0.28032436 0.88028834 0.88909048 0.6512478 0.29937383 0.57721529 0.94303795 0.6945544 0.44596422 0.5647901 0.61313768
0.52552175 0.96167942 0.32987066 0.38911455 0.85747277 0.88461758 0.74589133 0.44997233 0.99452427 0.54278505 0.55500345 0.21458664 0.25132135 0.00285517 0.13313228 0.95493216 0.68128059 0.96221564 0.76740838 0.96260589 0.92982005 0.49588901 0.60863147 0.21790133 0.80490936 0.10977208 0.96848322 0.82605677 0.78195981 0.93727072 0.11655586 0.2536632 0.01505923 0.89193674 0.87010088 0.65048739 0.83991371 0.11334623 0.93420555 0.58445022 0.27255557 0.08436901 0.851084 0.8246288 0.16700495 0.83355038 0.73891938 0.03617339 0.28755904 0.3020488 0.88272746 0.63913363 0.69117052 0.8117656 0.56863084 0.03009673 0.56680087
0.35334872 0.14340676 0.47859701 0.24832201 0.84397566 0.3707604 0.21700545 0.97857799 0.3483388 0.53418156 0.27780628 0.28779615 0.50042964 0.15335031 0.41918275 0.14848065 0.78586909 0.98589702 0.30158876 0.36327694 0.13900174 0.45212449 0.65628833 0.31028056 0.86205256 0.97485241 0.53812717 0.28051977 0.32441029 0.39377243 0.94414952 0.20116845 0.00915599 0.76751039 0.47349896 0.00098563 0.09533016 0.19939174 0.6343585 0.78087775 0.22355353 0.89603356 0.66229187 0.90621354 0.81953952 0.74550859 0.51061897 0.31447041 0.15405403 0.26433047 0.45978817 0.54972843 0.34410049 0.40562416 0.83120845 0.15948002 0.2536585
0.14357441 0.80372673 0.15343104 0.02305089 0.22962589 0.75970837 0.68901376 0.65623803 0.17346866 0.62921583 0.22618222 0.09995575 0.13137074 0.61829706 0.10604541 0.69117048 0.99969697 0.02576578 0.94725744 0.63820466 0.1690425 0.1419926 0.5356107 0.69491644 0.87455574 0.91780489 0.87360882 0.36795671 0.36990446 0.05470023 0.61877962 0.80897201 0.70970354 0.19626928 0.38770249 0.4292103 0.10803154 0.57775851 0.47369284 0.20255487 0.83972328 0.81966116 0.24488144 0.74817689 0.60414183 0.65736034 0.16287077 0.53195283 0.26049158 0.78454268 0.46462059 0.81792429 0.23900074 0.1178982 0.64200245 0.10396335 0.73857925
0.86994327 0.75801762 0.42664475 0.09973224 0.930094 0.08384317 0.92486275 0.23978817 0.18676954 0.1360504 0.20074131 0.54684697 0.47940576 0.27150157 0.73216837 0.30745949 0.41047844 0.70309994 0.21033721 0.77981321 0.51036418 0.76887482 0.71006366 0.87997237 0.80715189 0.12128385 0.71818138 0.47336673 0.73898821 0.89384445 0.74085641 0.91677498 0.75643753 0.90771635 0.76887592 0.9814278 0.68450522 0.87814716 0.90636489 0.9528407 0.18114724 0.50476756 0.7268027 0.6922118 0.88233362 0.46498906 0.1489208 0.35097248 0.07024254 0.85768076 0.60638013 0.23731365 0.5518345 0.98614726 0.546082 0.83972842 0.01483961
0.36926235 0.72896923 0.61812457 0.69739258 0.69308082 0.33429525 0.62034789 0.78505117 0.86864794 0.22314406 0.26841213 0.83039921 0.98099634 0.10401432 0.14723246 0.86741555 0.40043614 0.86729791 0.7232286 0.25449958 0.24232531 0.5101781 0.11492749 0.1824716 0.11603374 0.6346164 0.77022542 0.5877977 0.84799951 0.69617051 0.42020669 0.79389532 0.746894 0.76497904 0.17221926 0.78784563 0.56120505 0.22909888 0.33824496 0.61115428 0.5477268 0.19697417 0.08041303 0.0606262 0.06122115 0.41984627 0.21309674 0.54227118 0.07667549 0.10078201 0.93275061 0.16919421 0.2539487 0.42603353 0.38853819 0.92618746 0.97713174
0.02030518 0.91896217 0.91001426 0.29282048 0.8506946 0.7801656 0.65460869 0.59748655 0.25683687 0.65125201 0.89696555 0.62472745 0.80734953 0.35460464 0.17302036 0.81956788 0.5156681 0.55193526 0.40382224 0.13915503 0.61003662 0.47021766 0.47501474 0.70847723 0.4406957 0.79189706 0.62125839 0.27078689 0.92649374 0.1713968 0.85507498 0.41719737 0.09177873 0.03089283 0.31199929 0.59982221 0.63097488 0.91995731 0.01038365 0.30378316 0.03104226 0.29445435 0.15051584 0.50940038 0.10929784 0.57907091 0.43976554 0.75679251 0.02638832 0.59525194 0.77491957 0.84282144 0.07674253 0.28107093 0.33123375 0.4487683 0.24199372
0.11337931 0.36142032 0.56933567 0.01372402 0.93000603 0.68217392 0.97267943 0.64709748 0.32884044 0.15281921 0.16685325 0.06731152 0.79446946 0.09426966 0.38760031 0.499877 0.50534508 0.34450745 0.90859405 0.78637652 0.81088611 0.82956473 0.20674918 0.30221717 0.60356149 0.37340867 0.50058143 0.71257809 0.51773335 0.24977972 0.52673923 0.70804741 0.87762906 0.6547787 0.00697553 0.45523958 0.3775152 0.26309444 0.49167769 0.70891528 0.09848516 0.27575095 0.74753096 0.62893873 0.64767392 0.72124024 0.56845399 0.83703666 0.26139855 0.57930364 0.09849443 0.83610207 0.66554676 0.25703402 0.20859389 0.73072634 0.20037064
0.22013285 0.62160132 0.72674434 0.47679146 0.57044057 0.24831965 0.41907371 0.60235254 0.58424661 0.39441638 0.44014167 0.07330771 0.76373628 0.51656704 0.58995811 0.34210855 0.47222073 0.84016416 0.23045826 0.66838027 0.81207032 0.28664773 0.15359662 0.97208242 0.99653842 0.83240406 0.62205144 0.5363939 0.54151662 0.52682279 0.78385104 0.97563704 0.45216632 0.63602995 0.944244 0.06800356 0.56506262 0.01154254 0.58257872 0.97977596 0.68725951 0.06539609 0.19969824 0.62937224 0.59012636 0.99659837 0.31973073 0.90512024 0.08889332 0.57442488 0.23457808 0.47289323 0.92971416 0.39937069 0.85155582 0.29593205 0.45697762
0.53069379 0.86668551 0.6399702 0.26989509 0.01718767 0.37017077 0.92552252 0.75304914 0.12636045 0.1329883 0.93217063 0.23296574 0.82663174 0.99498645 0.54049354 0.97493757 0.50008035 0.95860775 0.20281465 0.91152302 0.76799111 0.43633197 0.21247295 0.36111724 0.59217444 0.71149109 0.55524455 0.97099964 0.70412388 0.66047152 0.31146969 0.17194917 0.00033731 0.64562596 0.56630032 0.27556455 0.14635961 0.14105002 0.54315218 0.9305634 0.90939447 0.32654234 0.89717676 0.93058626 0.53663758 0.93503204 0.02925678 0.94038767 0.03580931 0.74606229 0.80842745 0.13429449 0.0066635 0.03003784 0.14642512 0.06669519 0.78884636
0.15684576 0.32917154 0.41364125 0.06108578 0.08391624 0.73931522 0.04257626 0.00801396 0.54252788 0.91688397 0.03077742 0.37449112 0.32632766 0.28112358 0.65409384 0.5851796 0.09000313 0.70956414 0.89160732 0.87145468 0.33754007 0.65554296 0.12399096 0.42234403 0.55995566 0.44387368 0.92412854 0.7233783 0.42022253 0.59989782 0.00675976 0.5016951 0.51667855 0.29647352 0.18223772 0.78169664 0.62353756 0.32996187 0.80211081 0.97556677 0.02312615 0.13378642 0.13525648 0.26669227 0.21471728 0.4029522 0.74440017 0.80203009 0.2566715 0.12573393 0.76570909 0.35498747 0.63758681 0.52507679 0.91676746 0.46112527 0.82909147
0.70504592 0.82313939 0.78522125 0.47841552 0.77423996 0.09162328 0.77022308 0.37303457 0.91787355 0.32120373 0.29562504 0.2126043 0.08265163 0.33633468 0.10171922 0.90180974 0.72519238 0.38806918 0.79337717 0.03254138 0.39201821 0.55051793 0.60198697 0.84663345 0.89992448 0.44485676 0.45351821 0.83465771 0.84674269 0.04287885 0.66442129 0.38922942 0.12495192 0.58202522 0.98418948 0.16914773 0.63773358 0.1715807 0.49334757 0.39873482 0.72336841 0.0182346 0.85832917 0.43081116 0.97543232 0.7489446 0.87011513 0.66598125 0.70488111 0.1621875 0.91705906 0.54161969 0.11110033 0.90669388 0.93439916 0.60263309 0.06349722
0.3375435 0.73365534 0.27830036 0.78830326 0.03583701 0.80160846 0.4835451 0.18513248 0.96300829 0.5804505 0.1995417 0.09022087 0.94165616 0.02252116 0.89733729 0.75849923 0.98346133 0.25454753 0.33336426 0.63771432 0.11704434 0.52862886 0.49234341 0.15385601 0.29367164 0.68263967 0.69337218 0.28050374 0.36584602 0.56003388 0.50785072 0.77512457 0.62840206 0.35742551 0.90103023 0.09773512 0.94301721 0.14519136 0.3642783 0.53157345 0.18065813 0.63848167 0.00409733 0.09603195 0.92821585 0.24699807 0.60005664 0.09555803 0.56942857 0.48744949 0.0329752 0.98945392 0.25613052 0.78501669 0.0177323 0.53007818 0.30318436
