test/input/resistance.asc
ncols         150
nrows         100
xllcorner     0
yllcorner     0
cellsize      1
nodata_value  -9999
[rows 75 to 99 of 100, columns 57 to 113 of 150]
0.297591 0.79223715 0.40254405 0.80852902 0.34504192 0.68954362 0.6668872 0.22172115 0.84492424 0.81137964 0.73739923 0.80771492 0.80346091 0.59536314 0.69777752 0.61944104 0.70226707 0.54914513 0.7615066 0.59545948 0.42534042 0.94639129 0.54086551 0.91078404 0.69825816 0.04538017 0.69783534 0.74080713 0.91510373 0.33256081 0.58691616 0.03338594 0.43894838 0.00038708 0.60893808 0.63032597 0.60938817 0.02464374 0.58263206 0.42608084 0.58785413 0.66285599 0.87254502 0.92960174 0.10381323 0.84737646 0.20775451 0.68286085 0.1710931 0.97817757 0.7791486 0.9616507 0.90010509 0.0810756 0.35555153 0.87721858 0.89394406
0.58354199 0.26710931 0.41419828 0.56234157 0.97300367 0.28478885 0.64219453 0.38386985 0.76750053 0.00711518 0.29086921 0.30364809 0.40049354 0.52181377 0.01074694 0.69343971 0.05350739 0.80075945 0.78175474 0.16493553 0.29899839 0.87359487 0.90919545 0.56720242 0.41524628 0.87100236 0.40521163 0.59541474 0.21087642 0.29301208 0.01907285 0.09663711 0.49818919 0.77822156 0.77318197 0.05938387 0.45922318 0.04670677 0.37408121 0.73365132 0.10708919 0.44916977 0.87377595 0.20834629 0.84613174 0.78053847 0.02790069 0.16795874 0.11899166 0.2247646 0.64535863 0.28130675 0.56099873 0.71790764 0.65746878 0.4250432 0.92031138
0.44737445 0.0225735 0.07343377 0.2080731 0.37608171 0.97159333 0.02792501 0.84778642 0.90913959 0.3837366 0.41792291 0.0212035 0.7142605 0.8006532 0.26950672 0.89169482 0.37818695 0.59846346 0.29424919 0.06210323 0.80560635 0.21915512 0.89704455 0.63518693 0.79676784 0.71979351 0.15722745 0.26565808 0.39707647 0.44402887 0.47647564 0.10104479 0.34839674 0.96233388 0.07809904 0.06926162 0.23934477 0.69826361 0.34597749 0.35145253 0.35939545 0.02856331 0.77056869 0.78606086 0.60801648 0.80895664 0.49990071 0.61856534 0.32074203 0.12495277 0.37677546 0.28049337 0.22020391 0.31416179 0.49172132 0.89284094 0.67030894
0.12070577 0.28135416 0.14241053 0.00814969 0.84822628 0.45164623 0.58699992 0.57614727 0.22495299 0.59365265 0.60059736 0.17298912 0.89261381 0.58885065 0.89837822 0.86424782 0.56516823 0.5916761 0.83460801 0.86049782 0.50435615 0.240108 0.26119664 0.72587201 0.30490594 0.78864752 0.3156719 0.02624152 0.78181667 0.91637422 0.19333866 0.91962161 0.10631905 0.69381479 0.35155645 0.54106297 0.06531564 0.43482712 0.72387484 0.39954059 0.40809174 0.89466234 0.27108207 0.00202973 0.41381156 0.344413 0.27435625 0.67403293 0.35459076 0.44367305 0.22766251 0.99638939 0.47067722 0.89732987 0.78858219 0.61414339 0.98930793
0.49660241 0.28107617 0.19601892 0.58560767 0.55377057 0.24988661 0.15305465 0.78777639 0.65214244 0.06873026 0.2732173 0.39077753 0.93961311 0.37546024 0.87460709 0.19108122 0.14100855 0.03915566 0.06439028 0.53918635 0.24541459 0.17639428 0.81355695 0.17064349 0.05198025 0.23805073 0.48456263 0.66703659 0.35693714 0.32926896 0.16112026 0.03972541 0.54466829 0.964517 0.20865402 0.0255102 0.65128119 0.65585923 0.44611023 0.36086349 0.15302897 0.91498328 0.69037328 0.63923497 0.43236119 0.87202072 0.76702623 0.19116346 0.4689169 0.42582961 0.31747442 0.72901887 0.0721739 0.74202219 0.53213407 0.13076404 0.69221101
0.7593132 0.59145226 0.38302292 0.73027332 0.42098174 0.26720192 0.8779084 0.11103078 0.01101 0.84920732 0.55869208 0.68995869 0.73248441 0.10842669 0.28265765 0.76508848 0.75421637 0.1729285 0.20508165 0.29661708 0.77196586 0.49688373 0.05366948 0.22524662 0.87050836 0.04352281 0.76209801 0.63451863 0.1798107 0.61933808 0.3690471 0.55881476 0.7191501 0.37173653 0.93021916 0.55784159 0.93187177 0.71991217 0.35440535 0.98548852 0.92715827 0.2413707 0.95133796 0.6158392 0.57025647 0.8942527 0.61061811 0.23079277 0.65940697 0.08297403 0.89022489 0.04828855 0.55483797 0.85929935 0.35293659 0.02280341 0.645452
0.8155497 0.39447845 0.47021083 0.4882726 0.86161154 0.80678065 0.89014528 0.58553911 0.29984982 0.62813282 0.09566337 0.85330078 0.64225584 0.75869385 0.26290497 0.94998745 0.55219053 0.9529043 0.18366029 0.63700234 0.18098803 0.48180206 0.70563418 0.41650906 0.37319407 0.51503722 0.92865189 0.82736161 0.30950974 0.99394765 0.63303563 0.04867699 0.3025046 0.7807025 0.16699211 0.9647086 0.70419434 0.08614718 0.51013294 0.98763119 0.06581492 0.93843289 0.54162679 0.84319786 0.10784997 0.58754833 0.93772219 0.19281726 0.34419322 0.75829434 0.35162405 0.08356635 0.32147225 0.2715483 0.53027698 0.5026038 0.61412518
0.20731582 0.08750764 0.29741436 0.13153606 0.53159156 0.45199099 0.82382187 0.92592764 0.25288571 0.33905184 0.1808467 0.23359178 0.0091066 0.47983228 0.34513207 0.92739154 0.30437322 0.51996393 0.54000518 0.88811526 0.77476631 0.95340403 0.34783523 0.66728717 0.22515945 0.66699117 0.15015097 0.43559745 0.56487348 0.55365079 0.77029711 0.13350462 0.28545741 0.04810638 0.51045187 0.07550641 0.72954518 0.10541279 0.59150462 0.01562584 0.75050101 0.25644905 0.69153136 0.90470511 0.05275347 0.56428657 0.75111297 0.43663127 0.78844943 0.03784198 0.07355945 0.9986071 0.28134604 0.33657224 0.17629145 0.12398418 0.65975997
0.55285824 0.54697816 0.20799188 0.55666275 0.76563161 0.26471278 0.67648013 0.25859655 0.17765575 0.49109288 0.5114441 0.65043988 0.13070903 0.12005813 0.0317183 0.40014771 0.51649682 0.76149147 0.40529466 0.99582894 0.11065392 0.25139187 0.44073272 0.50092371 0.5384599 0.07542763 0.22882373 0.24600985 0.70185024 0.91655567 0.29968384 0.37196974 0.65231699 0.89891609 0.53498505 0.31626121 0.56720869 0.72983492 0.80119675 0.79134909 0.06192889 0.65124776 0.7621365 0.44806822 0.07569236 0.995586 0.58092292 0.22969738 0.58999276 0.31121795 0.11055255 0.36126268 0.97368865 0.61584037 0.94795002 0.20709019 0.37703897
0.75623274 0.81216303 0.0333837 0.76959363 0.96066574 0.6456357 0.61983776 0.3466841 0.67313856 0.90644608 0.8629841 0.81458401 0.51172639 0.05164531 0.41367059 0.08091043 0.99740941 0.6731578 0.61761219 0.38661302 0.70366177 0.07605524 0.25608038 0.47355416 0.40270825 0.74245874 0.69354163 0.68506205 0.5418471 0.4061463 0.90615504 0.36429134 0.595204 0.17088407 0.44062368 0.58650555 0.20123431 0.66788103 0.8037344 0.4766411 0.26340766 0.61821023 0.4691013 0.99689913 0.89767833 0.4247378 0.38750752 0.60788615 0.44910411 0.08565574 0.42332595 0.99254331 0.71792964 0.43327079 0.97486382 0.91569337 0.32930325
0.84894913 0.22349258 0.31143226 0.76574306 0.43329274 0.58817064 0.66544259 0.27799127 0.85628081 0.0786048 0.02434956 0.07176827 0.34480714 0.862298 0.36915731 0.29507622 0.742672 0.81861034 0.82182733 0.03605831 0.50215759 0.82163766 0.70785173 0.33368938 0.49535762 0.01049663 0.56200126 0.67932456 0.4349995 0.34029921 0.49172317 0.41448818 0.86807811 0.55868672 0.74912888 0.31346061 0.80679077 0.75943544 0.47843308 0.91151179 0.85951371 0.89538042 0.04146936 0.61753959 0.81776804 0.00609914 0.93242654 0.43384579 0.62885358 0.63830898 0.54787374 0.20049355 0.0768619 0.62672077 0.61982211 0.45127815 0.35598833
0.06117287 0.43720992 0.23955615 0.91135342 0.57335622 0.65242619 0.89090501 0.50536446 0.26066989 0.24053567 0.16332702 0.10806125 0.91954926 0.85962676 0.66271215 0.7116655 0.88007049 0.33094157 0.3364248 0.67357642 0.11764145 0.16067121 0.94639213 0.7176075 0.91444121 0.95783191 0.46414569 0.09340596 0.94721912 0.68038505 0.40707858 0.2607616 0.35941529 0.08884773 0.72616931 0.57937869 0.60348104 0.16500081 0.89441007 0.74159347 0.05284927 0.34688922 0.03052839 0.55390597 0.79581919 0.44173839 0.33641181 0.35959119 0.57850815 0.28867258 0.31105799 0.50210409 0.20382722 0.74711828 0.17284713 0.93594679 0.9140369
0.02221241 0.33557808 0.39760195 0.45735828 0.62707942 0.74939468 0.15508712 0.06528647 0.58648603 0.15669442 0.870162 0.93219007 0.56827625 0.09751171 0.50050847 0.48550964 0.71653818 0.901619 0.69130719 0.22394302 0.99170409 0.19291104 0.02052916 0.11616335 0.32363662 0.2134879 0.0319931 0.96109655 0.50299967 0.6558241 0.97443606 0.45543563 0.53101005 0.44651262 0.71578901 0.85050712 0.79324198 0.47284075 0.95085545 0.50450153 0.02642617 0.35395616 0.30732466 0.19143913 0.15007073 0.87099495 0.52243833 0.42178401 0.5152554 0.06617206 0.72597388 0.10572106 0.21894202 0.08052066 0.71714065 0.62979633 0.65432452
0.38263585 0.95986228 0.29031998 0.98614701 0.70638635 0.29359237 0.43062784 0.28384938 0.35398489 0.85213181 0.71283243 0.45010271 0.10378472 0.63850577 0.35432926 0.57864108 0.97464285 0.10537362 0.61230163 0.96670961 0.44740772 0.08984447 0.17975837 0.91361519 0.44445435 0.77925627 0.40166202 0.56405102 0.43721652 0.75302262 0.76782243 0.83783336 0.37677416 0.63149526 0.76906228 0.4605058 0.09346904 0.4343134 0.31163874 0.50912269 0.75246786 0.0740012 0.92258037 0.9561627 0.67510708 0.18432256 0.58623886 0.44290153 0.79369136 0.47239802 0.1205877 0.36222356 0.73576551 0.20556087 0.08569328 0.97010207 0.79180964
0.7622944 0.07600842 0.92731871 0.12808497 0.46472381 0.30897675 0.53372714 0.33972768 0.14207509 0.72382643 0.46230947 0.80251407 0.25247347 0.12291485 0.40209274 0.37576711 0.67710407 0.71669985 0.00657948 0.12811985 0.52098756 0.24983081 0.2698467 0.54776047 0.39498544 0.83973636 0.80124064 0.3097155 0.95792772 0.37532532 0.95857442 0.2538557 0.13216722 0.07990077 0.70411763 0.26294315 0.12742323 0.969893 0.82838694 0.48809171 0.38962319 0.84025988 0.92780695 0.44789192 0.85575579 0.66252215 0.76474906 0.89549925 0.40576255 0.16562475 0.40117031 0.41046706 0.99603217 0.12828872 0.57380783 0.17962778 0.49043592
0.95082002 0.4450217 0.56907718 0.71826905 0.06509065 0.62001277 0.92974058 0.43636225 0.76246158 0.94504811 0.31843833 0.8347244 0.61019557 0.03796067 0.85570645 0.87014619 0.6713037 0.7638245 0.92910703 0.37521065 0.8118392 0.80540028 0.06994003 0.89355503 0.75529817 0.19287682 0.69034551 0.79560188 0.62538161 0.17721836 0.09946215 0.36043484 0.26220568 0.82851987 0.34946234 0.51211474 0.76294943 0.18111715 0.32286735 0.98015471 0.73361436 0.23582852 0.41411973 0.83462118 0.64406101 0.73613765 0.76525168 0.15867436 0.21936507 0.45669597 0.53244621 0.14465848 0.63849057 0.09483059 0.85513713 0.99434454 0.70108773
0.56237384 0.48354103 0.35164296 0.39907622 0.47941394 0.10062929 0.76947958 0.57578025 0.70540342 0.04705124 0.07261913 0.94600632 0.27568688 0.39522916 0.32431254 0.20717543 0.68958162 0.40108127 0.12713644 0.27276633 0.02173278 0.1408058 0.40624013 0.97301399 0.93935369 0.20055453 0.72042387 0.19912414 0.69088824 0.2625982 0.0542765 0.23589196 0.70532129 0.02378523 0.93098708 0.34449268 0.3373594 0.05559917 0.93881631 0.81937999 0.6638864 0.5411266 0.62718994 0.61248038 0.61146413 0.74214992 0.92302203 0.13668598 0.44709625 0.14715612 0.30124974 0.3682669 0.91386645 0.25316854 0.96600776 0.37385412 0.08551558
0.49693493 0.35160701 0.48894851 0.22985629 0.71168475 0.46397776 0.52705282 0.7280113 0.81377408 0.52429625 0.79843462 0.00991133 0.91454009 0.09924022 0.16434242 0.78769898 0.46142866 0.68269025 0.1443467 0.41716154 0.68723467 0.6742089 0.58260493 0.31616797 0.82072335 0.07823694 0.58865475 0.98376352 0.85730909 0.07797962 0.29819005 0.78949616 0.00705134 0.4816132 0.79613312 0.48774425 0.10360423 0.48438722 0.08195846 0.18597255 0.62618634 0.48494195 0.70001796 0.09345404 0.11986322 0.82179381 0.23177792 0.46667801 0.25439369 0.56588746 0.04291089 0.66956596 0.89103747 0.33580423 0.12215288 0.32476479 0.94012565
0.64041489 0.26782876 0.01797185 0.76210157 0.42300121 0.08003582 0.48881745 0.48336799 0.81540477 0.9155455 0.9340744 0.50136399 0.35022585 0.63350506 0.35111007 0.43874334 0.63268349 0.35968302 0.21651871 0.66421772 0.87518125 0.5159884 0.8617052 0.28055154 0.56802537 0.08746924 0.32605906 0.03131507 0.49407773 0.40064479 0.20218796 0.89717356 0.28511112 0.66775609 0.14585591 0.5727353 0.8718123 0.3833179 0.84873279 0.25750072 0.57916876 0.92556836 0.94033142 0.36404092 0.40202406 0.52573555 0.00317313 0.62544868 0.10337144 0.29069852 0.54359843 0.59852844 0.72238559 0.2050494 0.2054975 0.03803973 0.46200472
0.24485318 0.36997352 0.84745717 0.94970806 0.07564572 0.04745768 0.52072935 0.71830061 0.99767813 0.10793272 0.93651954 0.74498031 0.82413985 0.40823757 0.35878041 0.52319611 0.31580511 0.3872345 0.51533712 0.69296883 0.25141569 0.31578045 0.39889147 0.86784134 0.2856743 0.68721816 0.78236948 0.19919673 0.15469697 0.52668461 0.19232093 0.46880423 0.93875635 0.52385073 0.92714963 0.05293106 0.39840808 0.95568753 0.35746651 0.98071763 0.42784627 0.21439072 0.62550961 0.45569275 0.03327131 0.81742603 0.32220043 0.91298366 0.4038489 0.08771043 0.30889804 0.40609231 0.80702494 0.33504891 0.03707269 0.8297523 0.34387964
0.87600935 0.55407869 0.4120654 0.81449224 0.19506735 0.35505282 0.94448756 0.82873109 0.24983169 0.43731362 0.62334006 0.69721644 0.89554817 0.83204793 0.75734819 0.81904275 0.14678475 0.89650058 0.23865133 0.08809844 0.85060218 0.13061144 0.84671999 0.31452068 0.24394963 0.76443187 0.61525508 0.17418949 0.75129506 0.5406625 0.96694766 0.47557859 0.96239313 0.36364385 0.3730798 0.26788391 0.60901755 0.99522618 0.42346447 0.00222798 0.53719596 0.47706234 0.40694506 0.81866144 0.05887336 0.35241656 0.37979409 0.53682699 0.97225295 0.5787415 0.27537759 0.35387576 0.90130283 0.95296367 0.64545727 0.11543152 0.39283158
0.71429324 0.53436902 0.87164242 0.19882758 0.97952969 0.40699618 0.81352368 0.68652648 0.74095562 0.88964632 0.39086268 0.88998221 0.35150652 0.54296236 0.42635754 0.11384306 0.2623874 0.49320011 0.06012959 0.28321116 0.59523979 0.09306856 0.72628693 0.61460956 0.05381588 0.59838549 0.19935819 0.25922105 0.21963553 0.26706526 0.88307944 0.14651887 0.88976775 0.39741209 0.12693789 0.30380393 0.58526791 0.54373247 0.22456643 0.68219283 0.68178487 0.72220496 0.09276008 0.37439624 0.97329038 0.53301431 0.03415763 0.50342489 0.76993705 0.81767257 0.7867667 0.23448013 0.67742376 0.4755254 0.69845988 0.72657448 0.74803282
0.84139899 0.58216762 0.57692423 0.07773374 0.35764714 0.53845601 0.37339284 0.02435542 0.43314699 0.89643195 0.24726382 0.9890327 0.96882766 0.47154074 0.52003551 0.88671025 0.0660823 0.66478934 0.6958483 0.49946629 0.67639919 0.79210218 0.05583522 0.04265129 0.151004 0.45560163 0.49404649 0.48563787 0.94387639 0.24111612 0.01795744 0.41577402 0.12859163 0.1367867 0.64258916 0.36378033 0.64399012 0.87726489 0.7401348 0.02579405 0.62334836 0.25895355 0.92788659 0.75204467 0.17896552 0.61540231 0.74962201 0.59025806 0.82503116 0.40631458 0.6853678 0.4027875 0.75585299 0.23272284 0.54451533 0.33003769 0.04268294
0.37887214 0.46925448 0.36412358 0.8135401 0.87904736 0.9299147 0.53135833 0.30147215 0.13762805 0.12817575 0.21633758 0.30622619 0.07337684 0.58985667 0.13114389 0.19020845 0.44737404 0.45701372 0.83564158 0.91865541 0.85543655 0.27766832 0.70059083 0.81508205 0.57005543 0.67118495 0.13832009 0.10451667 0.74535036 0.69993381 0.54701521 0.05870702 0.69258083 0.88976634 0.57632119 0.09838496 0.88834806 0.1557278 0.4845972 0.23423158 0.7285778 0.39461892 0.20435327 0.62948107 0.90251049 0.84509127 0.61331736 0.53833721 0.77020859 0.38029868 0.0395358 0.90917137 0.66299746 0.89820723 0.28865093 0.15229101 0.09402526
0.61423253 0.40468975 0.64375804 0.58518795 0.90962289 0.55645278 0.58943391 0.89180378 0.57369778 0.76140826 0.23061759 0.34077796 0.53008463 0.53901111 0.62241492 0.20894996 0.34766229 0.80527671 0.74771914 0.25319596 0.78147138 0.09212147 0.87274729 0.3265939 0.71705321 0.65559295 0.78738577 0.22416025 0.85801624 0.51759887 0.43390568 0.99662006 0.77780035 0.94815446 0.07154169 0.67925702 0.43972662 0.25675836 0.21013974 0.09424513 0.07581835 0.63677577 0.05519541 0.93259028 0.49992129 0.24346881 0.16172884 0.28422805 0.35274698 0.58034476 0.44971858 0.78726916 0.27435381 0.12625013 0.77661549 0.89798203 0.93748069
