test/input/resistance.asc
ncols         150
nrows         100
xllcorner     0
yllcorner     0
cellsize      1
nodata_value  -9999
[rows 50 to 74 of 100, columns 0 to 56 of 150]
0.38652618 0.29392902 0.80718201 0.88869352 0.34419475 0.24425055 0.03205912 0.97548376 0.12639414 0.18485749 0.26157179 0.3656192 0.5245038 0.80190833 0.92614268 0.83644986 0.09902022 0.3216436 0.20712835 0.75920611 0.72155535 0.84145492 0.87460318 0.73464168 0.50150685 0.07185695 0.57385476 0.88223555 0.04257021 0.78504217 0.61261433 0.45577885 0.52638526 0.54161534 0.12284102 0.66175869 0.99827818 0.16590694 0.06010674 0.00355533 0.11397928 0.39913758 0.58070521 0.32627258 0.9342568 0.25072279 0.15638989 0.67432978 0.75679498 0.09822995 0.71887616 0.31221484 0.96495868 0.2545886 0.90549685 0.78022132 0.22417504
0.94756753 0.3328682 0.81998852 0.98061281 0.93367487 0.04137874 0.46394469 0.03827068 0.06808996 0.63820637 0.46850553 0.309004 0.01520408 0.14418476 0.27680912 0.66578853 0.57590133 0.25299173 0.52941766 0.81883993 0.94165817 0.53320915 0.49940968 0.5326256 0.20068415 0.19248628 0.27830013 0.53464315 0.99006911 0.73029909 0.60770495 0.73374012 0.56678438 0.47706077 0.05985109 0.65539949 0.85879858 0.14968884 0.17283575 0.47464845 0.59461922 0.88423259 0.35431258 0.36101681 0.29017828 0.48598621 0.12945861 0.83445846 0.03507273 0.43149458 0.64902193 0.66774924 0.15948983 0.76881722 0.89449434 0.89559028 0.34938648
0.34520207 0.70788336 0.66125652 0.06130619 0.40726635 0.50610833 0.98593691 0.3563061 0.32515594 0.61146225 0.91705496 0.24195825 0.48243534 0.99363175 0.99798711 0.07830313 0.71025276 0.5846839 0.27543848 0.16523586 0.11626801 0.53633125 0.64846377 0.92795206 0.63623158 0.50293913 0.19152064 0.4933443 0.02017025 0.18380113 0.94254591 0.86218489 0.85950198 0.90676593 0.06379539 0.76722124 0.01487009 0.55983349 0.33127079 0.18891416 0.74856931 0.87227089 0.59204602 0.59890551 0.05102813 0.45090879 0.01093231 0.12519051 0.77463362 0.52942055 0.3492815 0.44791451 0.3598017 0.41235355 0.70141745 0.69657748 0.9816492
0.93669338 0.04769985 0.22589305 0.63285314 0.47401714 0.1185113 0.58035382 0.99303331 0.94875741 0.03647325 0.84347529 0.08817827 0.89822442 0.7674035 0.93057883 0.18359763 0.22548062 0.62784961 0.6135298 0.40352344 0.46237273 0.66762219 0.39929075 0.63479756 0.70857885 0.96673209 0.39723348 0.54698641 0.88467325 0.96232812 0.38322972 0.84492524 0.39878097 0.57246636 0.06608595 0.36884212 0.81775149 0.29896664 0.8961142 0.84126935 0.48495459 0.0432664 0.68287645 0.85477501 0.45662665 0.03606255 0.29106237 0.04517563 0.82209372 0.75390443 0.48868223 0.29128426 0.61221 0.94747293 0.6835048 0.76965724 0.80130216
0.22960797 0.15581224 0.52682229 0.98633439 0.0024918 0.1810467 0.56162805 0.90918431 0.74419416 0.62628696 0.29110092 0.09137891 0.16401997 0.78034584 0.16855896 0.62923371 0.8253609 0.98850954 0.39972278 0.97141604 0.86987016 0.39427256 0.93836474 0.22599424 0.75029361 0.34264435 0.92344278 0.47835104 0.03359548 0.13145154 0.32914002 0.8401621 0.80551664 0.78271458 0.78523218 0.10853185 0.55945716 0.85500383 0.65471324 0.08916967 0.22798157 0.64017958 0.87588191 0.73575411 0.82229629 0.9727335 0.45221567 0.2985958 0.50623046 0.49248181 0.78626672 0.56558388 0.00549343 0.78360249 0.37289365 0.82746893 0.67172927
0.01849981 0.07221948 0.78189686 0.97906883 0.50544872 0.53213833 0.16245955 0.57962103 0.69898276 0.93618885 0.42587027 0.57454229 0.91096047 0.40469201 0.87357068 0.94359698 0.87796162 0.34153447 0.60714782 0.82051776 0.92229295 0.19334038 0.7826176 0.38205005 0.9233298 0.54193141 0.33652465 0.65393434 0.19127358 0.23162089 0.72638267 0.43811624 0.68475693 0.27620034 0.71353042 0.05262207 0.17803708 0.20710909 0.2567024 0.14951107 0.17965154 0.05472998 0.24749027 0.46430106 0.36643867 0.20236355 0.65173583 0.76796204 0.66941098 0.5939333 0.44239592 0.05878106 0.67219118 0.08516325 0.08916962 0.82044463 0.84468949
0.89009217 0.0372676 0.4789676 0.72483765 0.91297176 0.38816459 0.51241782 0.99857352 0.6896786 0.47369719 0.82827091 0.11204834 0.73303515 0.36875842 0.58477532 0.20463663 0.54952877 0.80597769 0.17644569 0.37426068 0.73331449 0.82963379 0.15883252 0.45286235 0.80426019 0.9662996 0.04256445 0.38256199 0.34989146 0.58737666 0.72810015 0.84505133 0.74911435 0.12009409 0.64723777 0.46255594 0.09076661 0.8612135 0.25518274 0.3807435 0.9198168 0.58464408 0.28739155 0.58326144 0.98372013 0.62967651 0.77965027 0.04619821 0.87971406 0.61430332 0.5392181 0.53727951 0.59695448 0.82957111 0.8502046 0.23760675 0.69207773
0.73191998 0.32018714 0.39219912 0.51275623 0.11948783 0.20961173 0.40387116 0.3681595 0.13241788 0.43592685 0.63473354 0.30250723 0.12806751 0.40340156 0.61941744 0.85908481 0.75010316 0.74150742 0.52536905 0.16470258 0.5641584 0.38506595 0.89291644 0.65230322 0.08717222 0.32850822 0.37740008 0.43316201 0.2353387 0.01327633 0.13966118 0.66881933 0.02087943 0.07614636 0.04989826 0.42111532 0.73609676 0.65962139 0.12293742 0.47562009 0.06221902 0.61640585 0.14279612 0.34770184 0.71744907 0.81861622 0.60454511 0.83324551 0.50952701 0.82310434 0.0466855 0.67237007 0.65850309 0.29603973 0.44365954 0.03444529 0.82778056
0.54623829 0.92054108 0.89600396 0.13432408 0.15181714 0.45106458 0.66801463 0.81833538 0.97251211 0.01057531 0.78105168 0.21057186 0.67030616 0.13592965 0.80189067 0.30263107 0.81322512 0.57726695 0.75717891 0.47914377 0.72710057 0.69179143 0.78849053 0.99329708 0.84663772 0.54088061 0.98197382 0.66395345 0.06131501 0.64004537 0.42724772 0.23885479 0.55286979 0.14988776 0.07638239 0.7137663 0.56352615 0.48331212 0.16535384 0.43983832 0.88500604 0.78080008 0.78723317 0.86955356 0.37109472 0.31212425 0.01336194 0.18269071 0.98603962 0.93310198 0.37401952 0.36162417 0.32910581 0.09286242 0.04029679 0.72984701 0.49114794
0.31233783 0.27501754 0.25409358 0.14145101 0.37690145 0.80099453 0.56973685 0.94031814 0.69225895 0.38677894 0.83529855 0.98150979 0.16272245 0.25320269 0.93726417 0.23872209 0.08901606 0.68890335 0.92725149 0.09895348 0.57379652 0.1900836 0.62706939 0.71518454 0.98759223 0.88734029 0.2947938 0.3687962 0.96449216 0.84021061 0.59998362 0.08176128 0.2611626 0.17839279 0.88414929 0.07910399 0.24450748 0.14324521 0.37140189 0.16402798 0.42129598 0.26189024 0.43828793 0.94214414 0.25731703 0.51838645 0.77444281 0.79506017 0.6502949 0.81988401 0.10701905 0.53512236 0.029401 0.130352 0.3195681 0.56011307 0.68786901
0.18659294 0.59060589 0.02522897 0.3694494 0.06413811 0.99509226 0.29709239 0.06139933 0.40140791 0.94326955 0.7594558 0.81228379 0.56512373 0.58589287 0.71281816 0.40769586 0.31034964 0.2409438 0.73977822 0.95072279 0.96230746 0.41831871 0.0041123 0.07060326 0.62777963 0.27570423 0.25793463 0.42748615 0.12959214 0.23935703 0.94241868 0.48804357 0.77666587 0.6516658 0.06547777 0.02440547 0.16177306 0.44529487 0.43982214 0.60647907 0.48883781 0.71131535 0.38359523 0.63192456 0.98428979 0.09678662 0.52945844 0.0077252 0.77212737 0.0309879 0.80611918 0.64541722 0.13949664 0.79128353 0.22368091 0.99784096 0.63653977
0.07945166 0.83558186 0.51318678 0.5167987 0.24874131 0.95146622 0.9814375 0.89698411 0.22970869 0.89242529 0.49498549 0.28293322 0.37846105 0.85853299 0.77064212 0.7166711 0.4974259 0.372217 0.05998999 0.6660983 0.36565542 0.30413311 0.70481458 0.32711483 0.13455179 0.33573472 0.19697315 0.29828147 0.70657858 0.83368685 0.63472032 0.64077386 0.03123707 0.52698289 0.20038593 0.78377056 0.38237181 0.16022243 0.14176421 0.58391055 0.33601753 0.97598908 0.1930479 0.17887101 0.99721875 0.17393816 0.41055883 0.29098335 0.68489306 0.94459005 0.44570978 0.66989672 0.10169333 0.66469888 0.599748 0.3263398 0.91581693
0.28739421 0.16322677 0.09306504 0.01681132 0.92113759 0.33874028 0.87361046 0.96225882 0.63071843 0.93010706 0.40021258 0.75807135 0.12997095 0.51184332 0.72943034 0.23204964 0.92895725 0.02807712 0.43631637 0.91421677 0.38658636 0.92756511 0.86444606 0.45900087 0.55403291 0.58443097 0.61638352 0.81548146 0.51418476 0.67754247 0.93547216 0.98199202 0.35565661 0.7447018 0.20670161 0.18181724 0.57883907 0.8195826 0.75043524 0.30415878 0.01022218 0.52882181 0.4316202 0.76900336 0.10370991 0.43571681 0.98898649 0.1702059 0.04537768 0.01732189 0.35998308 0.46018668 0.28463682 0.89275088 0.52106424 0.14078528 0.45541038
0.57776723 0.33417521 0.71717189 0.86412519 0.0718504 0.31334767 0.69181999 0.29997348 0.29686494 0.90140442 0.85633753 0.68131721 0.48500857 0.87826177 0.83864968 0.87588154 0.17235527 0.10049539 0.84623424 0.88871615 0.82383898 0.55070061 0.99299417 0.46510925 0.01752351 0.25642109 0.97963483 0.95834189 0.32908341 0.57277601 0.81987339 0.80723625 0.48772898 0.59093818 0.52179761 0.30732184 0.27075132 0.4663245 0.09314239 0.51103314 0.89117987 0.73547149 0.86658742 0.19004991 0.01904847 0.59604769 0.11499436 0.22900165 0.05325905 0.87611013 0.47330881 0.62913811 0.8327189 0.82348555 0.26032335 0.74877896 0.30353614
0.45999872 0.67500502 0.67971071 0.90247176 0.52497496 0.92406763 0.09815384 0.78794013 0.1296622 0.63597651 0.96497815 0.06783028 0.94764681 0.00408499 0.17254647 0.96683235 0.55430847 0.27982041 0.83284493 0.00961455 0.00697304 0.13907085 0.4907175 0.11023231 0.50885106 0.73497077 0.28868323 0.17770496 0.03034919 0.04567012 0.33940074 0.86972222 0.44916664 0.99392126 0.28980308 0.89662892 0.57249655 0.28557558 0.59790594 0.22201339 0.39103171 0.80879088 0.02215546 0.7515237 0.21457863 0.3555504 0.32823931 0.92769453 0.33391654 0.43555666 0.46393067 0.64899587 0.13131345 0.73538053 0.19591584 0.70138331 0.43882451
0.09614952 0.45665381 0.98613884 0.08546073 0.40930644 0.73034379 0.30084543 0.80486732 0.79067541 0.36866317 0.45805163 0.81839879 0.94384723 0.13601469 0.60524316 0.0790395 0.98385918 0.62562027 0.10858533 0.26695937 0.99527001 0.93032835 0.94091411 0.04402626 0.90822012 0.57135373 0.04289039 0.38598655 0.62632211 0.81245372 0.50893202 0.38405247 0.30631383 0.66429435 0.327685 0.91712197 0.67709542 0.25542659 0.62116757 0.07392426 0.63961112 0.92529527 0.32708877 0.1816458 0.87839198 0.44024555 0.44813224 0.01550749 0.79950913 0.81760116 0.80665517 0.26650856 0.26201008 0.68962334 0.48811552 0.53533778 0.14226977
0.44664983 0.67787904 0.27273636 0.29524582 0.64415982 0.36887624 0.90577326 0.63486321 0.25504655 0.4478794 0.50167712 0.31922682 0.86341869 0.70354875 0.48048046 0.52056597 0.40878941 0.74572867 0.00646715 0.11645653 0.60332841 0.43620951 0.31695262 0.39958428 0.12458942 0.87014858 0.074026 0.93516104 0.003693 0.31071329 0.6463797 0.35659097 0.3317166 0.92575364 0.68541982 0.71884559 0.23577346 0.6964494 0.21159876 0.10162527 0.23959891 0.04062778 0.14844161 0.83782415 0.59525333 0.90422473 0.42040239 0.53987186 0.75217036 0.51294462 0.8481709 0.34042918 0.88651923 0.26371778 0.36348146 0.10442702 0.20776088
0.31034056 0.93809446 0.41525113 0.77124606 0.51073142 0.07811927 0.63764183 0.64546996 0.16766644 0.27040037 0.59514146 0.84094084 0.12008541 0.32296306 0.74468434 0.84988202 0.16979399 0.05243706 0.02303454 0.66224858 0.70067434 0.48973093 0.79814307 0.58279957 0.54532879 0.96749236 0.21555046 0.4227036 0.34657647 0.66769293 0.13272231 0.42332386 0.3986791 0.03960152 0.22587852 0.15000115 0.65425547 0.59725178 0.09170688 0.44224382 0.75302234 0.59390796 0.19946893 0.8240159 0.27274592 0.26553712 0.95397868 0.82665533 0.60708614 0.92984612 0.48617227 0.71315328 0.74960162 0.18145728 0.75389597 0.24730032 0.55415779
0.58411725 0.33442247 0.94138619 0.10453259 0.5641419 0.18631382 0.27446524 0.76275502 0.81338882 0.80431558 0.29758411 0.1105178 0.53434365 0.36432226 0.30990026 0.5797619 0.68612816 0.46525414 0.03847404 0.34140744 0.71371191 0.92771076 0.59871838 0.51413916 0.92497218 0.80412895 0.44959539 0.38377339 0.8229496 0.33045208 0.7491496 0.86917212 0.17881464 0.25302047 0.34188686 0.33382064 0.72725303 0.13003183 0.94643794 0.30189805 0.75952287 0.04097105 0.78736088 0.08887909 0.2053016 0.11726175 0.60873086 0.55828493 0.31177688 0.14513204 0.59890762 0.20600477 0.62041197 0.61842837 0.68092348 0.58288669 0.56424842
0.2639499 0.3415069 0.83587227 0.33284957 0.11913131 0.09723376 0.60751729 0.48338221 0.97010897 0.18406351 0.73070952 0.85634347 0.23919849 0.75046256 0.54554705 0.96039636 0.25885264 0.99538258 0.829571 0.69109071 0.0083841 0.79246957 0.74873188 0.32285849 0.17647362 0.83048915 0.28056147 0.6877549 0.99894234 0.80343289 0.51331336 0.82724083 0.47487281 0.51150883 0.63118021 0.90950169 0.37459629 0.27642816 0.39375967 0.68907509 0.68131902 0.55383564 0.86213395 0.44961488 0.64847228 0.4322728 0.6763503 0.81790606 0.59884936 0.07578189 0.12688991 0.15766909 0.54714535 0.92722648 0.93180866 0.28188062 0.40857987
0.53919769 0.10250047 0.94643828 0.92850641 0.94014062 0.21849128 0.19384449 0.64490697 0.02146641 0.82413244 0.27318996 0.15872512 0.70099594 0.76560555 0.78697919 0.79576855 0.7167601 0.14933724 0.46738257 0.84603455 0.71464825 0.20950522 0.86321604 0.63616949 0.8075491 0.66871167 0.80902161 0.96442816 0.63617354 0.37473842 0.6214021 0.90103049 0.77856819 0.46542231 0.91646264 0.38983123 0.18775169 0.80249681 0.40298396 0.75681984 0.69114294 0.41484456 0.93280508 0.65159098 0.00526111 0.94096442 0.86724145 0.91043768 0.04559499 0.02818851 0.60968113 0.43694404 0.63452589 0.67522141 0.45936384 0.39699604 0.8555699
0.09918258 0.67685458 0.0920388 0.51642953 0.96225711 0.85149565 0.12634572 0.95778618 0.72264285 0.65453931 0.98122351 0.94030633 0.72882556 0.79268961 0.21714895 0.04735025 0.62259994 0.38209065 0.61946294 0.11338639 0.09394893 0.50081429 0.87867022 0.52673895 0.03208401 0.3049359 0.68936972 0.97695026 0.33852424 0.38325983 0.23613127 0.57810189 0.79791763 0.83306906 0.56035614 0.24488022 0.43259076 0.62274302 0.95175791 0.59018853 0.65693207 0.82898979 0.41117652 0.06107401 0.01424003 0.61352333 0.13821676 0.13751466 0.96506821 0.09595009 0.96500013 0.9223339 0.31919104 0.32260249 0.62610382 0.80462906 0.51924325
0.77384224 0.81752768 0.4605406 0.85744705 0.56067344 0.32260949 0.31880709 0.43191791 0.84418374 0.76260367 0.4854157 0.96780534 0.6651866 0.76388744 0.41025444 0.79339248 0.95611677 0.09952653 0.60930421 0.81000964 0.10800581 0.99559867 0.4764844 0.29523754 0.35718564 0.15748299 0.32413767 0.79830762 0.94578726 0.10156197 0.3267211 0.52613032 0.74080753 0.91454804 0.05641679 0.28199076 0.24919532 0.50707957 0.10060288 0.49569231 0.02896729 0.79492028 0.60109435 0.28236431 0.35214835 0.37147521 0.15196002 0.61128926 0.86074906 0.53612287 0.7166451 0.08952381 0.7638168 0.73116981 0.28792284 0.84115647 0.87731813
0.2188515 0.64552839 0.07538154 0.71396122 0.12057091 0.03304241 0.0771538 0.2374999 0.31848425 0.67506959 0.87491385 0.85808356 0.848449 0.52862998 0.01610198 0.58424212 0.5325732 0.71930557 0.685093 0.17599199 0.66574598 0.29039196 0.29206527 0.4961403 0.87837166 0.57088269 0.36927962 0.51116174 0.60797871 0.70242189 0.93009665 0.0635682 0.68748804 0.80450448 0.10043341 0.88726894 0.54135488 0.72278767 0.45263587 0.10504199 0.27147802 0.57209244 0.5230182 0.36918984 0.06285715 0.98094268 0.9934153 0.42414559 0.27696347 0.10220346 0.0294819 0.57572697 0.70754556 0.51154112 0.82882714 0.15880528 0.6725177
0.89861432 0.92681902 0.65820568 0.92123065 0.40970086 0.84383994 0.1923279 0.20712163 0.66877159 0.22150947 0.15710584 0.33333364 0.26423812 0.09234377 0.572106 0.93598972 0.05358253 0.12251298 0.49392038 0.89389542 0.56855737 0.34851772 0.03051048 0.48948447 0.16315872 0.68240603 0.84509025 0.91107064 0.59521909 0.83789942 0.98291325 0.54783798 0.43873766 0.88033948 0.81951789 0.70633117 0.71823748 0.29982926 0.0496091 0.20474249 0.36741661 0.45879579 0.15877202 0.18728736 0.98691015 0.06314003 0.20696068 0.77646909 0.8161296 0.64856996 0.88029082 0.47485833 0.96674308 0.86952148 0.49835026 0.80501237 0.9762624
