test/input/resistance2.asc
ncols         30
nrows         30
xllcorner     0
yllcorner     0
cellsize      1
nodata_value  -9999
0.29243631 0.13838143 0.44092602 0.37611648 0.57673471 0.86846432 0.83451063 0.95071638 0.20557872 0.61659864 0.43308287 0.23502709 0.06996014 0.47292586 0.73600856 0.17246712 0.94767278 0.36837801 0.51503878 0.80234232 0.1122229 0.93575238 0.40868573 0.74326286 0.89466511 0.64302993 0.29300612 0.33817914 0.46976464 0.74761188
0.82448533 0.53485077 0.72007584 0.7981152 0.02316583 0.53041344 0.03626656 0.5637777 0.29058409 0.63922618 0.43986483 0.01352962 0.55675411 0.30471577 0.92988606 0.2397793 0.45926642 0.29246579 0.4388281 0.48623276 0.02250263 0.2533111 0.15724908 0.61726159 0.97074581 0.65625016 0.96270263 0.36507285 0.36142632 0.2559957
0.56454184 0.24004394 0.62733839 0.39892858 0.30475178 0.38369348 0.75269812 0.93997684 0.96920188 0.8462712 0.36031623 0.76197236 0.12253674 0.98310071 0.60270437 0.47278232 0.87916257 0.86305623 0.6060422 0.81391961 0.14636058 0.86070992 0.36869648 0.28009495 0.2011512 0.58820718 0.65653169 0.80310531 0.02315047 0.74450275
0.92026125 0.29350115 0.10741289 0.7156543 0.32106044 0.29057139 0.52021168 0.47421791 0.13828978 0.96734372 0.22161027 0.23148842 0.62508581 0.06473064 0.20433904 0.7067356 0.31765874 0.50062588 0.74951225 0.00257019 0.27126655 0.14443766 0.47599547 0.79352041 0.56183648 0.74219133 0.62565002 0.32151652 0.51264489 0.60212197
0.52207313 0.29182946 0.69862504 0.34800481 0.25577302 0.73496504 0.73536677 0.0280091 0.69943375 0.85825987 0.8243884 0.2930976 0.5617173 0.19510604 0.5931218 0.36034246 0.53449974 0.03383416 0.39825821 0.52189764 0.41856466 0.59453725 0.54754665 0.10391789 0.70696313 0.45726013 0.8500538 0.54528759 0.62648995 0.96186934
0.1897196 0.13145886 0.13663806 0.17879397 0.24834306 0.83794194 0.92267424 0.89302506 0.46937491 0.94992077 0.97760403 0.59001045 0.98586605 0.84474895 0.21710526 0.86242819 0.86382669 0.46078104 0.36421171 0.33922021 0.93663768 0.01455828 0.07425191 0.34066891 0.61176273 0.41679025 0.72263406 0.24155672 0.06924685 0.33089388
0.38341819 0.86105501 0.56094702 0.29555548 0.78063036 0.3100558 0.38227391 0.98831515 0.26578836 0.6993172 0.95827722 0.20285553 0.4030669 0.26888203 0.98787294 0.62756917 0.96278153 0.71462378 0.95099406 0.81592455 0.79204028 0.59218182 0.1631174 0.86531248 0.57524303 0.57200437 0.73675303 0.68488628 0.31696823 0.82496495
0.73031559 0.89405319 0.51165089 0.9752059 0.36670996 0.09891417 0.8626655 0.69885854 0.75748862 0.38158104 0.97810118 0.57908603 0.61591989 0.7696635 0.8628835 0.2924963 0.48006281 0.29191258 0.05952164 0.25741856 0.93500029 0.99299069 0.08058374 0.45728809 0.09296959 0.10228676 0.60007082 0.5942321 0.10985669 0.71874922
0.30434608 0.06335479 0.09886867 0.87481036 0.65284009 0.2929845 0.96664701 0.50787216 0.16445356 0.81196778 0.8457677 0.2037945 0.80285088 0.19094011 0.87723197 0.9636231 0.94325469 0.94865132 0.78532538 0.07647331 0.14863583 0.36509593 0.89063689 0.29749704 0.19515891 0.07785569 0.13540315 0.56948778 0.24210723 0.98973046
0.48405857 0.62637152 0.94872604 0.71599966 0.60591141 0.02174682 0.62651818 0.93491534 0.25986374 0.60993652 0.40357888 0.68244323 0.26773639 0.56556814 0.78448615 0.80462313 0.00878365 0.08124293 0.69169284 0.97422582 0.92568617 0.21940777 0.7198107 0.73215281 0.32849515 0.57449196 0.15813986 0.56496803 0.62093439 0.04483883
0.80180439 0.59401857 0.40453063 0.36359073 0.6923884 0.55913233 0.52722181 0.21400411 0.07169526 0.51761733 0.69344614 0.0938152 0.05343849 0.42234079 0.40960873 0.30015233 0.24137877 0.55894029 0.58470348 0.54733103 0.86572792 0.71686782 0.00203034 0.50122242 0.19010184 0.11857628 0.89371284 0.24229263 0.24429275 0.55121548
0.78156375 0.75732766 0.97559526 0.90345005 0.42299172 0.79036833 0.86387388 0.62303611 0.6025293 0.83225084 0.03535638 0.33601295 0.83839911 0.41624085 0.60898258 0.78098269 0.60239087 0.21743366 0.75332671 0.71290763 0.74509004 0.59553015 0.00031156 0.22713943 0.54770237 0.61886503 0.50691387 0.56801965 0.17756052 0.17805479
0.38826405 0.97222102 0.48669265 0.48162671 0.64660449 0.24096653 0.97335566 0.21187426 0.91559792 0.38275979 0.07900817 0.70395879 0.78615821 0.17404814 0.72738973 0.95564694 0.69447904 0.17491218 0.31627574 0.57312307 0.01825931 0.83892579 0.49779515 0.03123722 0.35955894 0.17118205 0.36548332 0.49784887 0.07491176 0.03628249
0.28335951 0.42346232 0.10546533 0.64562209 0.61617167 0.32711202 0.71066822 0.85236256 0.29832866 0.26386783 0.44428443 0.59367049 0.42418817 0.15922508 0.05707207 0.72257571 0.35542139 0.66400808 0.68313774 0.64703016 0.80389757 0.82674913 0.51911832 0.38430428 0.98747573 0.22130073 0.90467432 0.04789252 0.26604035 0.3334029
0.81933184 0.81894721 0.04715765 0.47162534 0.7427769 0.5411895 0.44565484 0.78876966 0.01660585 0.33627849 0.04586111 0.79010099 0.58191044 0.82875588 0.29075704 0.7720793 0.05973391 0.93152686 0.9211788 0.58415196 0.60237017 0.27740716 0.20513872 0.74410058 0.6821034 0.00551907 0.3812647 0.44109964 0.77672355 0.38549008
0.8436251 0.80706863 0.41184219 0.65292027 0.49539924 0.19896135 0.65821319 0.3794845 0.07137972 0.63598603 0.68291765 0.8349653 0.2146212 0.88183868 0.05984524 0.44284169 0.02152465 0.7928958 0.51231955 0.48467918 0.59716256 0.82167674 0.63221614 0.10799948 0.33623742 0.13383997 0.94323104 0.17751435 0.17568572 0.59364884
0.26060933 0.19030056 0.29294521 0.85122007 0.32818265 0.57537329 0.66344706 0.41315164 0.86406519 0.97964324 0.97064033 0.77434772 0.41174485 0.99135182 0.28084084 0.96788865 0.96400776 0.87249403 0.94096737 0.00104151 0.61208222 0.42571784 0.9696623 0.99406381 0.12503861 0.5310706 0.54280819 0.93842198 0.73721582 0.33157177
0.30445232 0.000858 0.74888336 0.5795812 0.1596236 0.39643824 0.6723715 0.26996241 0.35979462 0.1879022 0.90197734 0.956957 0.87963405 0.11412715 0.86507826 0.70413528 0.8306255 0.56435825 0.94207492 0.88225843 0.73580987 0.23726131 0.40835569 0.8022214 0.81818776 0.23841814 0.67574904 0.8779418 0.38269419 0.36411029
0.33827126 0.73791236 0.71172901 0.58137241 0.24399704 0.54449077 0.76028157 0.86752051 0.68853905 0.26103523 0.74387695 0.52684274 0.03248261 0.22969353 0.55748806 0.07986705 0.21074138 0.46877393 0.28416585 0.72524656 0.66024031 0.54770955 0.4579036 0.30863889 0.79217613 0.66755782 0.65610376 0.93244805 0.1976904 0.99500276
0.38411799 0.85008067 0.42690767 0.87848703 0.93949078 0.6382018 0.34428976 0.31434273 0.1902114 0.6204394 0.64676721 0.72736075 0.63176556 0.66351977 0.43399973 0.69633883 0.21660505 0.19279794 0.15967484 0.33453049 0.05872271 0.19515983 0.35679769 0.6114219 0.21844275 0.73622357 0.05353089 0.90612671 0.81725128 0.84251371
0.30659494 0.25642074 0.52741966 0.44860029 0.67303347 0.86873851 0.2311383 0.34712266 0.97634798 0.98366434 0.00824537 0.49514462 0.96121189 0.37137164 0.34925684 0.16948009 0.21671732 0.60194814 0.21472014 0.1427317 0.92906907 0.81937123 0.26405697 0.93953482 0.40051881 0.52347311 0.61400868 0.50765349 0.69986528 0.17513285
0.82651087 0.326058 0.91485862 0.30922305 0.95548473 0.26896398 0.01367559 0.44151022 0.66907226 0.54763846 0.34468932 0.32286209 0.69594956 0.66877774 0.53826045 0.91051827 0.2486698 0.69028556 0.73455728 0.7246379 0.24005683 0.08913184 0.95912536 0.38462589 0.64203316 0.64590113 0.22670084 0.15141218 0.78939903 0.97712432
0.46528662 0.45996924 0.2043882 0.9216899 0.87041502 0.58161153 0.21054738 0.55241482 0.121051 0.82496671 0.07829567 0.25395473 0.33531782 0.64826319 0.19385497 0.42357888 0.43666649 0.58319592 0.32500057 0.44910764 0.13230602 0.03812305 0.18209001 0.08839524 0.17761607 0.50204706 0.09071221 0.67453239 0.61970686 0.68351409
0.67423711 0.27859949 0.49635237 0.95815549 0.68562417 0.09272793 0.00520669 0.1901023 0.33801279 0.39415815 0.3721909 0.68537887 0.59884186 0.90201501 0.30409798 0.49407692 0.43078822 0.59704566 0.94925997 0.22669148 0.93523846 0.53865861 0.21182105 0.1231513 0.54423688 0.46271563 0.90812869 0.90329595 0.39998432 0.91075989
0.99267695 0.354484 0.97409234 0.0524085 0.29083114 0.87101636 0.91135926 0.60475674 0.08664262 0.9813684 0.99298323 0.93084695 0.28267393 0.80915476 0.7510562 0.60308692 0.71051791 0.44596292 0.80473973 0.23160299 0.36014016 0.8816683 0.5823775 0.23705105 0.34840562 0.82425392 0.90363651 0.9608578 0.15826499 0.79562819
0.98222437 0.04590427 0.52986484 0.56864294 0.72141932 0.67971598 0.82435593 0.15892481 0.70599594 0.21098965 0.77982065 0.07240851 0.53251879 0.69663717 0.00091917 0.11819005 0.7748647 0.4439258 0.07607738 0.33139753 0.58826279 0.91607394 0.58328697 0.0119065 0.24588996 0.57366352 0.66511934 0.7773874 0.07905761 0.62697285
0.78368101 0.28262952 0.81721901 0.43332543 0.925253 0.33340337 0.19293478 0.39112131 0.95242056 0.90888697 0.81347603 0.8718105 0.01023135 0.03650688 0.77082837 0.19858122 0.5134125 0.08464982 0.15252825 0.39903436 0.33717891 0.6426479 0.82756219 0.505786 0.83580927 0.41526958 0.62889499 0.783004 0.77949496 0.75655739
0.25854663          0 0.38696583 0.47924875 0.18484644 0.40175857 0.76580436 0.81912473 0.87203329 0.07125304 0.38282889 0.44030115 0.64485303 0.19432527 0.42615364 0.18207393 0.94461501 0.02653895 0.25102855 0.00898349 0.48778258 0.63040425 0.09065007 0.21356668 0.82457705 0.93459103 0.24458728 0.90428691 0.57776501 0.05656554
0.88676595          0 0.43005013 0.65147695 0.77192208 0.03949345 0.67927901 0.32791178 0.20351161 0.9251796 0.82875828 0.91024191 0.18371747 0.73543411 0.56930737 0.6775825 0.65519598 0.59280878 0.90331135 0.04192338 0.04185799 0.9030739 0.20552331 0.5159767 0.65727551 0.43685733 0.36603102 0.15007853 0.84116282 0.83288467
0.03066791      -9999      -9999 0.7215863 0.31292014 0.48417433 0.65892635 0.38120643 0.14727225 0.2744058 0.00061987 0.07803684 0.50974383 0.32178583 0.48822978 0.18253427 0.33798346 0.89550294 0.1970243 0.70703383 0.28789696 0.24654116 0.1480111 0.77801763 0.98671315 0.64049639 0.57578862 0.18722934 0.74450215 0.82249241
