test/input/resistance.asc
ncols         150
nrows         100
xllcorner     0
yllcorner     0
cellsize      1
nodata_value  -9999
[rows 25 to 49 of 100, columns 57 to 113 of 150]
0.01699263 0.52408546 0.1616662 0.54432803 0.48374323 0.70221275 0.47331793 0.73666171 0.42417939 0.27050871 0.47333392 0.53798213 0.9964264 0.56240489 0.05977121 0.46593223 0.45739489 0.02711525 0.17238458 0.73368819 0.21976782 0.56694716 0.7397718 0.94567245 0.57037767 0.78062052 0.85955103 0.98799566 0.48706116 0.99759489 0.90763809 0.30159469 0.12768783 0.23184875 0.22822627 0.80280147 0.83113535 0.99749935 0.65041627 0.46614157 0.43536954 0.44996259 0.27202073 0.10473796 0.3857461 0.2563486 0.82914701 0.48697365 0.93709599 0.5628484 0.90290325 0.39638801 0.7002127 0.30389479 0.39412514 0.37020303 0.22017037
0.03266167 0.24935274 0.8865852 0.8865142 0.16309992 0.98266281 0.30591659 0.64923393 0.91665372 0.79134106 0.47352366 0.91513575 0.26269452 0.53254312 0.79462082 0.97308398 0.33382884 0.42184922 0.407392 0.85101736 0.01127968 0.50134743 0.52432748 0.32182133 0.51396901 0.24557204 0.51658123 0.66415916 0.96634376 0.13214301 0.83712417 0.64910725 0.97506163 0.2391574 0.67233377 0.42429747 0.4561508 0.95944221 0.60615088 0.53488662 0.87433804 0.36449363 0.17159588 0.1338977 0.39760172 0.5654731 0.97732363 0.89657204 0.18000539 0.56573364 0.75779564 0.96739704 0.18949529 0.5498998 0.61911305 0.57446032 0.03064703
0.85829162 0.39446249 0.88791887 0.16622776 0.88950346 0.94063843 0.58000276 0.01873138 0.59481319 0.27554759 0.91718676 0.43331553 0.58149612 0.35629978 0.05547015 0.60403862 0.14574722 0.28427642 0.25096031 0.39489595 0.05645062 0.22764359 0.16335812 0.99136155 0.27849913 0.1339608 0.80533531 0.38253189 0.40698527 0.59576704 0.61082909 0.89023697 0.8865047 0.82747034 0.40809563 0.1825916 0.12126691 0.95892764 0.04504329 0.46037773 0.76029973 0.34793588 0.72643725 0.28648673 0.16377645 0.63212641 0.33564365 0.8425378 0.80866557 0.79773333 0.72086031 0.72509743 0.12275678 0.13536304 0.16008008 0.47421157 0.00991657
0.1932783 0.48364874 0.28463748 0.17875021 0.5164981 0.40601105 0.88184195 0.14047878 0.93015799 0.20155381 0.39352285 0.76976461 0.2627495 0.22469659 0.42633174 0.115467 0.21287677 0.00121449 0.21728322 0.02292424 0.78414895 0.47882216 0.00472039 0.79125149 0.30683395 0.68486732 0.37313529 0.16847556 0.86712404 0.33708219 0.52529943 0.3070042 0.28623945 0.31060361 0.35176707 0.51364408 0.0258332 0.8464594 0.30221444 0.31570236 0.21532499 0.30612641 0.920705 0.19331111 0.61260587 0.6159535 0.25665605 0.92719054 0.74599172 0.84758978 0.77728802 0.77660704 0.79916893 0.44126794 0.05740161 0.25734238 0.11272045
0.25278151 0.71522735 0.61103219 0.24716755 0.08254823 0.0930758 0.57329249 0.10595637 0.19533037 0.23259116 0.41218512 0.60927214 0.33382611 0.76110539 0.88763244 0.27522598 0.90864123 0.38652279 0.37073959 0.53750258 0.91037561 0.55109347 0.2230082 0.0763112 0.74681291 0.35321979 0.61793188 0.20289737 0.14746363 0.32645534 0.68298109 0.99522484 0.12282666 0.33638257 0.29135173 0.40603202 0.88332001 0.15961723 0.48006146 0.6844244 0.54469208 0.4151858 0.93750468 0.62607637 0.13727954 0.02129632 0.79406034 0.94053118 0.24516396 0.2668223 0.87077038 0.60404188 0.83195798 0.46776046 0.25683786 0.60730518 0.24159458
0.48623562 0.00967941 0.7700317 0.21851651 0.31145868 0.05117157 0.10483479 0.62192449 0.04058864 0.03778454 0.51667093 0.92564532 0.06571708 0.09971865 0.77396353 0.51726399 0.12396267 0.46463882 0.1371174 0.32195316 0.17403396 0.16850326 0.76527335 0.53484728 0.91917582 0.57765292 0.47260001 0.53399572 0.66026913 0.58590758 0.05346244 0.33888796 0.40603042 0.6244673 0.97027696 0.76837661 0.39437009 0.68333432 0.12505761 0.54757356 0.84736812 0.91071065 0.93229367 0.27632553 0.11117789 0.50247718 0.33121176 0.49364617 0.64641667 0.30976221 0.29279265 0.66512853 0.76284678 0.29598158 0.11196602 0.28626679 0.42040257
0.49789778 0.5692496 0.77398604 0.62135645 0.79622542 0.82049903 0.90734098 0.95629935 0.00480192 0.17131486 0.54524189 0.77880388 0.5568447 0.26857448 0.08317448 0.34725336 0.19205013 0.18095149 0.92796142 0.23541073 0.69911482 0.81945132 0.35690936 0.66654105 0.78319387 0.21058907 0.09717679 0.54381876 0.51665058 0.42421052 0.11898243 0.17534406 0.83847717 0.51121995 0.29407059 0.70047037 0.52351688 0.63849882 0.72150391 0.09273715 0.83493037 0.93742163 0.85131934 0.6297252 0.22910008 0.59568358 0.44167425 0.11269364 0.44463362 0.51411581 0.65862067 0.20150408 0.96264446 0.84347899 0.6686318 0.7490005 0.70261444
0.26029766 0.9423363 0.58121584 0.87795559 0.64073565 0.33844039 0.47030081 0.42027114 0.38563451 0.47807319 0.85520535 0.5487041 0.89609352 0.39908302 0.70434394 0.25095243 0.97585505 0.34517667 0.62635233 0.11120245 0.13062918 0.8554273 0.89915152 0.27672892 0.88772324 0.24126002 0.97504718 0.70069922 0.13727501 0.38625079 0.13734232 0.86846872 0.23313868 0.60418226 0.67008288 0.56050186 0.75259521 0.56917132 0.62909379 0.54064154 0.36173012 0.34090107 0.76126446 0.40334663 0.8150182 0.01368294 0.3387746 0.80619718 0.4302927 0.87879948 0.73080093 0.18067248 0.16354902 0.1600493 0.70289711 0.69755537 0.25034857
0.77209701 0.5352954 0.06497514 0.7389319 0.61849325 0.87960061 0.75789566 0.86919368 0.34551951 0.07634955 0.98557615 0.00624758 0.13008389 0.80671898 0.35663051 0.23464652 0.49580116 0.41177603 0.60202258 0.65415202 0.12394141 0.79443956 0.32556393 0.82602325 0.07550395 0.3111569 0.57671416 0.13105065 0.75576899 0.12807056 0.61116772 0.74093831 0.68199444 0.88326615 0.50016188 0.15531781 0.91299734 0.06096553 0.47413674 0.44683062 0.02056087 0.2361848 0.19175859 0.69236207 0.11516026 0.95398292 0.75533254 0.12623263 0.65610794 0.12376799 0.59098334 0.68830935 0.38281777 0.99486649 0.92633149 0.97433603 0.47216444
0.41124589 0.23619998 0.06473003 0.55129276 0.03873731 0.02544188 0.66996652 0.52618564 0.6116361 0.35112958 0.99681059 0.07151976 0.00172178 0.65016357 0.71244801 0.16536916 0.92627887 0.11353021 0.6630923 0.27155596 0.83405689 0.73814032 0.00692842 0.09319524 0.54853826 0.61884255 0.60317033 0.44674761 0.9956671 0.88111848 0.28844059 0.48375473 0.62919107 0.01017499 0.13375941 0.05574121 0.09477104 0.02642219 0.70814025 0.24105687 0.9922056 0.0196522 0.6811393 0.23906094 0.10262921 0.31573633 0.20961785 0.33716204 0.37947604 0.57098303 0.70922712 0.29205295 0.65239 0.51234747 0.89639935 0.21967877 0.78381215
0.20787596 0.73058658 0.124622 0.17028491 0.16924754 0.64664715 0.65680691 0.96137536 0.00404429 0.28288527 0.27039414 0.96522567 0.1826165 0.59769249 0.48866679 0.9815364 0.09010573 0.83418691 0.62058935 0.3097656 0.06539539 0.21454876 0.5511813 0.64282458 0.52764823 0.47821767 0.65051038 0.72244201 0.9323477 0.32406808 0.28163115 0.83697332 0.18738169 0.12425468 0.89719516 0.86363108 0.21087233 0.75489246 0.91340044 0.96516159 0.07013554 0.12781085 0.53049086 0.64201628 0.74060276 0.41702461 0.56736175 0.09139972 0.4066161 0.43104594 0.80745098 0.2737902 0.27361634 0.10754983 0.09809614 0.02388494 0.24239442
0.02429001 0.72190203 0.63419559 0.50047667 0.96185042 0.87511265 0.53602408 0.46557434 0.53210091 0.96116922 0.11000121 0.37771065 0.32246075 0.45180938 0.61725514 0.10646337 0.10693908 0.60947609 0.72078269 0.35066747 0.08508565 0.47412897 0.82642613 0.40105791 0.77661037 0.84207526 0.0373335 0.37348723 0.02731694 0.22939268 0.63011785 0.89811109 0.42801867 0.48310858 0.61648838 0.8413991 0.7477107 0.85226083 0.95324967 0.8083625 0.58359105 0.7120292 0.5071946 0.10049356 0.97155096 0.52007538 0.73518695 0.75889892 0.14805477 0.51256584 0.34392675 0.82844943 0.39433564 0.66631916 0.19462688 0.79274573 0.5190595
0.41785168 0.16034115 0.296149 0.45469331 0.12904415 0.59121877 0.04864758 0.34984757 0.03286365 0.92992756 0.50444327 0.0270617 0.8280893 0.19996785 0.99835352 0.48328387 0.63620322 0.4047238 0.01211202 0.8563956 0.41584121 0.38670581 0.58287502 0.8650114 0.36085586 0.73811949 0.01637381 0.97832638 0.06204056 0.00107059 0.20619565 0.62930817 0.37730123 0.83466413 0.67469543 0.10534881 0.86416544 0.91596524 0.81376891 0.77064573 0.50587513 0.73151461 0.04701694 0.90755917 0.12795668 0.44143835 0.05487391 0.35268817 0.81848692 0.39797904 0.92868624 0.96242278 0.29812774 0.41798273 0.26478857 0.68411633 0.04676364
0.8826932 0.74056324 0.80464144 0.63308421 0.33952904 0.85259826 0.8491509 0.36653235 0.53307724 0.76008839 0.52042246 0.70233904 0.1309219 0.59554903 0.13494621 0.24026099 0.11882608 0.16281288 0.91341082 0.18498748 0.53175301 0.32707344 0.43013529 0.52023716 0.42082012 0.15493643 0.31546436 0.02931231 0.59268742 0.17727361 0.70571208 0.79966357 0.4131506 0.45409165 0.56048707 0.74783728 0.82881794 0.58736195 0.58663078 0.16175124 0.67423351 0.32086862 0.01582741 0.88004154 0.34958299 0.77837605 0.29451327 0.17351954 0.56167754 0.22085484 0.55291886 0.99115227 0.96833307 0.89172068 0.15813619 0.52504511 0.46385116
0.62876927 0.76756627 0.29678045 0.24672571 0.22355752 0.63348125 0.79202603 0.83118693 0.06885686 0.8807206 0.63738602 0.94881925 0.3273611 0.60479248 0.83305809 0.5071195 0.81570991 0.54910337 0.55942767 0.33459502 0.62393916 0.22982949 0.02662403 0.3484338 0.72823608 0.25874821 0.79455997 0.26316084 0.67190054 0.04961308 0.96818548 0.12507976 0.0203832 0.11001777 0.41034714 0.71703729 0.76889882 0.23964021 0.94199443 0.15459023 0.85686148 0.6298879 0.48363817 0.71904597 0.32614521 0.35517461 0.15708054 0.84305873 0.38800763 0.8356904 0.26906049 0.37510568 0.13512414 0.95904587 0.67067727 0.06366654 0.55383386
0.76628975 0.64954447 0.82332278 0.29634343 0.41399419 0.6638389 0.82463653 0.61711529 0.39399957 0.47203338 0.22936896 0.79039008 0.06293847 0.6188683 0.91539758 0.420934 0.15164762 0.96113361 0.466372 0.83310333 0.57956861 0.09450782 0.35843092 0.50501071 0.99663456 0.47996672 0.74767193 0.89645712 0.80814589 0.99624721 0.45278102 0.5346938 0.63234375 0.06567746 0.57929348 0.61465613 0.05616431 0.86135173 0.68060293 0.06532978 0.13289144 0.41347539 0.89423736 0.62096387 0.73274808 0.06395525 0.1692829 0.21320178 0.01730095 0.83305519 0.50257239 0.71882385 0.31532801 0.04032123 0.91652924 0.67200689 0.30532027
0.20495057 0.33582455 0.6962872 0.68540602 0.89767374 0.91432186 0.65179467 0.50516691 0.89869142 0.69108177 0.54516092 0.47182489 0.6026797 0.61170987 0.60600168 0.13092335 0.02759905 0.94859217 0.36738307 0.95182417 0.39186442 0.66324351 0.49773089 0.12396986 0.66430603 0.34197125 0.27277969 0.59615711 0.3345732 0.55950002 0.34478613 0.05834288 0.98484678 0.82231197 0.51238266 0.33202496 0.59175096 0.92265013 0.30143818 0.5793482 0.36693057 0.97065067 0.06196014 0.83236901 0.19580159 0.33138319 0.59400551 0.81651284 0.43732079 0.98082111 0.55376299 0.57160442 0.49322271 0.760114 0.13356527 0.99069332 0.01573626
0.07051551 0.87219299 0.29846569 0.0545815 0.43718407 0.44679314 0.7130817 0.65372899 0.54866878 0.43017954 0.99794187 0.03791245 0.87473368 0.87756809 0.56514024 0.6302906 0.61767174 0.08965334 0.05290028 0.44212505 0.93832626 0.1320403 0.30456982 0.04033427 0.00258648 0.52170123 0.88545979 0.70947809 0.48609874 0.94299708 0.989762 0.61965066 0.29864509 0.47571369 0.72660781 0.4895498 0.46352851 0.91376055 0.02943455 0.7299394 0.85999045 0.98081813 0.18500343 0.90104315 0.51772836 0.64125404 0.3308593 0.72792889 0.7944258 0.29252966 0.18250946 0.10021141 0.47035004 0.72058016 0.61155915 0.5113228 0.254443
0.43506113 0.44068164 0.13446248 0.56846104 0.28086057 0.70476971 0.51913525 0.73355742 0.41241154 0.03633923 0.38797585 0.49986296 0.22250201 0.56737095 0.50846979 0.27147778 0.64250933 0.34694121 0.21295208 0.02201879 0.79386711 0.27848896 0.19193223 0.45157769 0.5906155 0.64986042 0.19877741 0.61673905 0.91390806 0.31616587 0.02079104 0.59080105 0.83033847 0.07444868 0.53175369 0.65563304 0.40054981 0.55183394 0.74799101 0.49092411 0.9214956 0.60274369 0.55426969 0.6355958 0.75992579 0.84021784 0.65381255 0.57313567 0.26110336 0.33798171 0.14996183 0.98226503 0.01346143 0.33902584 0.76626469 0.03589584 0.58064103
0.19960133 0.86291574 0.21081013 0.73890411 0.19720779 0.14992563 0.49783789 0.45902919 0.41310075 0.37548998 0.56561237 0.1757387 0.74524934 0.98663364 0.00138519 0.41411115 0.94281907 0.72417002 0.86666733 0.03921853 0.75839372 0.54069909 0.55839386 0.75815139 0.29513388 0.79409742 0.70061704 0.85276255 0.50031512 0.08476383 0.00489212 0.52618026 0.59410892 0.7225459 0.59532761 0.82460774 0.61268606 0.21834833 0.49595226 0.5591886 0.88794531 0.38076866 0.84351993 0.19076832 0.08336411 0.54771606 0.76864903 0.23119604 0.49170272 0.97931078 0.00368097 0.90005505 0.81960599 0.79134839 0.84129543 0.15763017 0.94843114
0.63143689 0.58421089 0.69450225 0.53077132 0.52213422 0.69000096 0.54423633 0.15284937 0.33606172 0.55955954 0.71485203 0.43362345 0.35147725 0.48950152 0.6372294 0.21428713 0.17821711 0.71253835 0.05823183 0.10963733 0.558691 0.20275068 0.17247659 0.7775012 0.3278899 0.76139753 0.64103213 0.37247616 0.35646296 0.752569 0.07396401 0.44236287 0.92738017 0.73731429 0.64561825 0.40659199 0.45963142 0.46515523 0.11314291 0.81580011 0.64326127 0.70982089 0.89590739 0.21175956 0.93433578 0.69943063 0.43899103 0.5030448 0.61084046 0.01140124 0.27298238 0.15644414 0.41246442 0.93864946 0.03487679 0.87892161 0.2132319
0.43098502 0.26899529 0.04271478 0.05999344 0.44706871 0.99607322 0.7935616 0.06012706 0.43945952 0.82168825 0.08473992 0.37723629 0.52118163 0.5180542 0.94252703 0.26263101 0.39554864 0.20491801 0.91050477 0.33702538 0.72764492 0.75418254 0.61752959 0.26156672 0.92046401 0.45310879 0.42535758 0.27272605 0.66110823 0.58268722 0.98124494 0.39654401 0.36947561 0.01675743 0.18472461 0.44471886 0.03360156 0.42619965 0.3219154 0.18597165 0.01540886 0.65787051 0.80798813 0.41251517 0.23224965 0.19504186 0.77837265 0.50637068 0.03417711 0.86597048 0.05018228 0.38523021 0.60061825 0.75091306 0.84227778 0.30689902 0.67592751
0.49993476 0.50918764 0.23446442 0.87187283 0.58093662 0.11381791 0.07845407 0.50710216 0.6443164 0.60099563 0.36365672 0.02854538 0.37173637 0.62212512 0.91096773 0.22043947 0.48470468 0.49186961 0.03937241 0.00485329 0.12132242 0.58171505 0.96252209 0.87279522 0.82801818 0.95339506 0.35570642 0.80664574 0.49724299 0.37364868 0.83298083 0.4683459 0.65199916 0.49885688 0.66119328 0.53243384 0.94592259 0.13385649 0.58566745 0.3919028 0.33986142 0.97565534 0.96795891 0.49045793 0.33283674 0.21562236 0.85489705 0.91767339 0.58524245 0.36513474 0.15400765 0.03966948 0.45726794 0.84597814 0.84161528 0.69871074 0.57891468
0.48283988 0.9279858 0.99608581 0.84930047 0.13885609 0.92498602 0.01081296 0.61292438 0.17217108 0.24822839 0.06454504 0.58796256 0.80137154 0.01475212 0.72341182 0.01838929 0.34010525 0.12635727 0.31612446 0.96837282 0.54966687 0.0780767 0.84526892 0.64056695 0.60739665 0.15008266 0.07564276 0.18102502 0.15078685 0.52729607 0.46307362 0.32714109 0.28841581 0.92982268 0.08446404 0.19409223 0.68447759 0.41275328 0.91221738 0.69054256 0.57357101 0.15551314 0.8893761 0.86516434 0.45105166 0.288081 0.48805493 0.68703628 0.95372698 0.09635038 0.04712982 0.66320011 0.2128485 0.07292361 0.16416738 0.95004286 0.57843381
0.06630409 0.35876455 0.82914731 0.19458783 0.32167784 0.1520385 0.91888579 0.24121021 0.46368693 0.80691445 0.38288275 0.57380912 0.41185981 0.37735766 0.03581894 0.58879082 0.07789062 0.38319487 0.90174672 0.37043881 0.6532261 0.96955166 0.98042363 0.21683319 0.42433383 0.16075581 0.21925365 0.99880426 0.18902393 0.46991054 0.05283754 0.56426864 0.36616621 0.95928063 0.44946688 0.93666684 0.50848716 0.78156613 0.79351642 0.13107773 0.33262011 0.04913071 0.23545291 0.00317222 0.81113492 0.31740529 0.48100608 0.74326053 0.17840115 0.1848504 0.21970971 0.02371451 0.75364873 0.81003881 0.61863971 0.22491183 0.33324033
