test/input/source.asc
ncols         150
nrows         100
xllcorner     0
yllcorner     0
cellsize      1
nodata_value  -9999
[rows 0 to 24 of 100, columns 0 to 56 of 150]
0.43305179 0.51003105 0.34874023 0.49704274 0.14306873 0.64047349 0.42568161 0.55478236 0.7324854 0.39042178 0.2068877 0.28119638 0.85794083 0.07027449 0.78603452 0.22795314 0.55932674 0.51576531 0.41406144 0.12546498 0.38714243 0.16576378 0.69443591 0.26334951 0.99160166 0.38572267 0.4955146 0.85973194 0.29827942 0.0376147 0.710973 0.22194619 0.53312929 0.6348812 0.82884831 0.1321654 0.31740857 0.47307216 0.05922675 0.94162717 0.24230696 0.41777682 0.490603 0.03802309 0.87654677 0.0917875 0.54693184 0.73452202 0.76394035 0.09746454 0.00466704 0.04834734 0.03111947 0.90248453 0.55816854 0.16112232 0.32373367
0.61311706 0.14037118 0.0321423 0.58142459 0.32748794 0.62117546 0.67573565 0.39319575 0.63143849 0.17255994 0.30597901 0.22235064 0.3365684 0.63097754 0.29549304 0.62428381 0.42225862 0.93031807 0.95898541 0.95937924 0.41379759 0.20546677 0.47447676 0.83884737 0.4144137 0.63668578 0.6458932 0.70721458 0.3007283 0.72839009 0.15634906 0.40880749 0.20839554 0.1704573 0.85100451 0.12198021 0.17084031 0.71731347 0.91888713 0.72633696 0.85508616 0.96563398 0.19804899 0.53158003 0.27334781 0.21667554 0.13581868 0.24998853 0.08720856 0.83951944 0.46636003 0.44684548 0.67802315 0.55879952 0.99586187 0.13662239 0.12773639
0.85611883 0.39173441 0.87184535 0.7028343 0.33370283 0.082208 0.37299891 0.99718533 0.99548483 0.64981456 0.60701731 0.24425978 0.48993932 0.80484051 0.50897843 0.12701562 0.50787808 0.54159211 0.52020914 0.24148084 0.47531033 0.46041453 0.77720435 0.65220148 0.21524937 0.57177928 0.12133613 0.30550813 0.74943793 0.26185301 0.90770334 0.31391172 0.11152001 0.40939684 0.47018779 0.92857941 0.34799023 0.88781452 0.7487709 0.31720261 0.22119027 0.68094723 0.8327648 0.07497584 0.08141844 0.45751819 0.95825194 0.99611006 0.9327346 0.05633719 0.70388936 0.32811607 0.99836319 0.80496339 0.0696661 0.39470036 0.77397939
0.95823102 0.00762624 0.69359649 0.20139756 0.49990894 0.89698349 0.69232542 0.05529077 0.82829879 0.97890911 0.65620548 0.54310689 0.67891405 0.84631655 0.08500983 0.40957602 0.93956977 0.95051343 0.4025834 0.34868175 0.85084552 0.70014626 0.05339474 0.1863449 0.6163341 0.87206953 0.25702906 0.60810628 0.4220873 0.90788551 0.63779132 0.7947492 0.00600613 0.37384452 0.56160186 0.27278176 0.83020349 0.97069628 0.86614532 0.85840229 0.23066434 0.82811556 0.73139483 0.60730324 0.99607136 0.99646999 0.53171348 0.44572855 0.06683363 0.36235753 0.59391661 0.83080631 0.73173409 0.47951581 0.51870372 0.53020171 0.48297881
0.01800954 0.70841043 0.63833618 0.24334336 0.33848995 0.47142616 0.72499567 0.36071462 0.32395205 0.32143642 0.6028657 0.65093988 0.64957708 0.81556629 0.15072029 0.6520526 0.76675296 0.37411689 0.52551013 0.28433904 0.17710425 0.87867858 0.55206917 0.75436473 0.02241799 0.15760557 0.29040943 0.11390325 0.49992119 0.41291045 0.28502706 0.9600501 0.90427941 0.12864259 0.26146307 0.45195753 0.90597225 0.24708935 0.30316311 0.60968957 0.72140287 0.06680891 0.83314477 0.28115326 0.27149245 0.08223425 0.1305566 0.41032327 0.66334281 0.54101112 0.39772794 0.10465442 0.00114761 0.99328021 0.06638935 0.34891096 0.58295108
0.40755224 0.96266166 0.00953939 0.11681535 0.53942225 0.06024381 0.87961048 0.88617162 0.34859436 0.39784732 0.97809968 0.04404479 0.97689692 0.90053464 0.27381599 0.52826661 0.33211446 0.78985658 0.95170876 0.43302886 0.01155909 0.67568462 0.60261668 0.34609444 0.77637076 0.79321829 0.71658636 0.19173263 0.43627499 0.12768076 0.89248213 0.00781928 0.28003477 0.95659519 0.33171374 0.66988182 0.07071016 0.65789106 0.53723601 0.76324489 0.94807492 0.47025116 0.27783146 0.04448869 0.22273993 0.93100124 0.33249952 0.57910673 0.20125097 0.77335915 0.3991264 0.89660199 0.56273454 0.65671703 0.06131195 0.39673947 0.10209653
0.32343574 0.71031219 0.74844067 0.94487528 0.15478873 0.78221556 0.48028929 0.25410933 0.78128656 0.91610823 0.68743397 0.40156345 0.14334682 0.87773954 0.09025635 0.05056269 0.58979863 0.79455522 0.25293037 0.39230743 0.83573073 0.51549595 0.25564496 0.72579787 0.61958664 0.12671992 0.87450686 0.5452222 0.6986515 0.73857478 0.95464018 0.70527607 0.76608473 0.20546155 0.43262961 0.2396198 0.92376357 0.66953611 0.54236523 0.89351706 0.33612774 0.98936421 0.597575 0.42771202 0.48321479 0.43659679 0.04163989 0.13618935 0.03255905 0.26095546 0.05805241 0.94139092 0.35550425 0.88463434 0.53230213 0.74163399 0.54552827
0.04742642 0.34819196 0.13197386 0.91167053 0.51019228 0.24279078 0.04036469 0.67061813 0.23757473 0.42758163 0.05681194 0.73463704 0.00486166 0.01138353 0.10797123 0.2195049 0.78002154 0.79197545 0.54126342 0.87692596 0.45943766 0.76489199 0.21269692 0.69181309 0.896572 0.57600418 0.51934911 0.70792188 0.55645836 0.45424307 0.62046447 0.62879796 0.80407778 0.20291077 0.47906212 0.80222559 0.57658557 0.96568953 0.02704671 0.09231955 0.17375961 0.4524164 0.12378385 0.08458056 0.05665709 0.55566841 0.97493959 0.54684449 0.46850324 0.99928442 9.07e-6 0.01456161 0.56499094 0.59960707 0.1801948 0.95511996 0.71133728
0.72323466 0.51570023 0.40494495 0.53518803 0.13590374 0.99602386 0.13519657 0.04380726 0.7441857 0.28530725 0.56441728 0.32511907 0.69483706 0.44991384 0.63242121 0.90822239 0.18848929 0.0768876 0.06242455 0.6415742 0.14914276 0.04692713 0.43593073 0.6364825 0.5440454 0.71961233 0.90296202 0.27896367 0.64602925 0.35135903 0.25168636 0.61107548 0.08249045 0.69214766 0.25671994 0.65903324 0.96296717 0.05570737 0.0124457 0.98499526 0.59419131 0.38716452 0.39519841 0.41405098 0.05148202 0.42730926 0.97394015 0.64717546 0.81848539 0.16499425 0.47888988 0.5070923 0.27073379 0.95320293 0.25281862 0.47496792 0.02361873
0.46650063 0.47047971 0.7112164 0.40925419 0.32142616 0.70950664 0.55789584 0.59050813 0.32655094 0.66932527 0.31468378 0.19031157 0.13567931 0.34768146 0.83478218 0.96883252 0.63775945 0.5763325 0.19528772 0.93689989 0.83812695 0.1330732 0.9638572 0.60098094 0.72436091 0.38881187 0.5818147 0.36838872 0.76080608 0.46053342 0.56906987 0.98806347 0.38379848 0.72865494 0.35280934 0.20710091 0.89621767 0.17810706 0.41399843 0.37014821 0.49564872 0.67535621 0.8302625 0.80060663 0.54900175 0.57906986 0.27028753 0.67175077 0.07290956 0.74098554 0.69283682 0.15616592 0.38295508 0.58616488 0.37660632 0.57999531 0.28652915
0.04015416 0.25061422 0.79631501 0.91827262 0.79975113 0.7730789 0.71454663 0.54330711 0.31644532 0.79294819 0.29688998 0.23834413 0.40055222 0.39742281 0.89369582 0.41514555 0.53768853 0.39562216 0.531264 0.47158055 0.19870353 0.15155811 0.07763844 0.7570141 0.19381826 0.71199016 0.5294928 0.68960442 0.11782103 0.69259909 0.05935461 0.22937943 0.31892753 0.41247545 0.82706651 0.3111162 0.55613813 0.60297421 0.87042401 0.72970993 0.83773643 0.78792682 0.69883591 0.99392593 0.39688175 0.03225835 0.73499623 0.37135007 0.71315884 0.2790956 0.36356363 0.1973893 0.09174852 0.40929612 0.80840148 0.14662226 0.52719699
0.37451402 0.12293978 0.37162443 0.50087515 0.54903517 0.70648509 0.14562371 0.38732638 0.70959257 0.01528026 0.76109586 0.91988702 0.62154123 0.53162004 0.24579476 0.82047007 0.57960908 0.5521737 0.52245837 0.04948364 0.27500319 0.74973942 0.78356148 0.94281461 0.90202337 0.77464977 0.94453575 0.17129069 0.20360722 0.25705129 0.657807 0.84570161 0.07013217 0.40615743 0.79116051 0.7565929 0.59547574 0.63003219 0.57159703 0.16097143 0.87159928 0.22912976 0.30997339 0.65003986 0.40460458 0.43662518 0.43297781 0.71482963 0.98358431 0.59000377 0.37793328 0.01161224 0.11559758 0.33825614 0.05967177 0.03352346 0.45099833
0.72502047 0.60235298 0.51922963 0.6905274 0.30633249 0.94216097 0.73979548 0.50150323 0.46275353 0.7449628 0.40284386 0.546215 0.92103529 0.37830346 0.1963956 0.4183015 0.35270475 0.38891122 0.88403637 0.3584319 0.26778385 0.40184946 0.03378382 0.85606291 0.76808126 0.26093442 0.07801036 0.71020118 0.99449822 0.19226513 0.49473896 0.33715878 0.27074593 0.49792312 0.74505921 0.23413669 0.60663938 0.02889536 0.06266479 0.61066108 0.04669023 0.44943538 0.32099566 0.68167959 0.04161051 0.93292948 0.75579882 0.85767596 0.24861258 0.5481755 0.43304633 0.87597998 0.13032826 0.28497374 0.89371512 0.40674773 0.17132669
0.43364832 0.67923536 0.48489495 0.36969213 0.72580498 0.29630931 0.56291212 0.34086681 0.6540679 0.06701019 0.74044841 0.79233441 0.13906675 0.58428619 0.57479496 0.13332962 0.81241584 0.33791706 0.93684798 0.8478979 0.35995873 0.56238479 0.63653443 0.77436682 0.04422381 0.28114083 0.36052168 0.55607354 0.13587494 0.12388327 0.6826979 0.82465227 0.59568085 0.6780023 0.24082078 0.22133592 0.57792204 0.65499238 0.11270394 0.54804973 0.83956021 0.16800428 0.48699946 0.01466996 0.35767599 0.81897823 0.19410715 0.26386423 0.57559813 0.7327108 0.31008539 0.85149582 0.66523858 0.21122441 0.05570894 0.52908168 0.44515462
0.01803575 0.16542111 0.05881193 0.89016132 0.20348343 0.34693629 0.89562224 0.81029261 0.20620676 0.28079685 0.71521223 0.10346385 0.07141726 0.98978645 0.43120758 0.85697764 0.28201689 0.36935615 0.69901306 0.1808668 0.80698969 0.59378369 0.17541065 0.79007573 0.45909393 0.1563386 0.12581276 0.07113386 0.54704928 0.85691901 0.42389455 0.65383273 0.41753441 0.21235754 0.50353266 0.57434933 0.34489649 0.76690154 0.49617285 0.11822927 0.50189035 0.57885183 0.31400659 0.4242871 0.02969087 0.31988721 0.3661619 0.37791832 0.53068096 0.16401621 0.869802 0.70088561 0.89627214 0.69655073 0.30434515 0.55996418 0.13252403
0.62760358 0.88410328 0.8385856 0.9659307 0.3212592 0.47707895 0.21744701 0.70347568 0.54672979 0.46864938 0.50947392 0.39538332 0.34039876 0.88177672 0.22051555 0.6516244 0.18076962 0.8884313 0.87690917 0.77986277 0.74279515 0.28051553 0.40699088 0.93999921 0.25966898 0.86245937 0.91715293 0.68981265 0.64618208 0.16548884 0.16925223 0.10282397 0.03303883 0.35311358 0.43442048 0.94536426 0.77571961 0.34294399 0.29537958 0.95992323 0.6396329 0.73837413 0.05746921 0.7127738 0.1233895 0.39182026 0.30530225 0.32989062 0.7116649 0.33489097 0.79104155 0.31637315 0.51925515 0.19316057 0.29426252 0.02134554 0.92628544
0.69204663 0.75060752 0.09644835 0.60674907 0.55964467 0.83253595 0.84251914 0.17467522 0.5938125 0.65115176 0.73104213 0.85834979 0.57579693 0.00228718 0.85728185 0.844031 0.05231009 0.82363021 0.4904125 0.99294243 0.65768064 0.88825995 0.23435641 0.96929779 0.72447945 0.97847469 0.63974174 0.49178435 0.70666101 0.98991886 0.23833558 0.03223235 0.48101648 0.42319224 0.82327106 0.87625838 0.87948534 0.18207705 0.64423486 0.63749539 0.91946475 0.79684266 0.92249645 0.1408399 0.58772376 0.76776387 0.26648201 0.84139379 0.85604352 0.32503578 0.07871869 0.12849128 0.719073 0.45911496 0.7223547 0.5545519 0.95242317
0.2486672 0.99932639 0.69422775 0.34562958 0.67825631 0.16646425 0.5121839 0.01227169 0.60448207 0.69513237 0.54086686 0.55620807 0.54376697 0.23738696 0.92806524 0.56069528 0.00707747 0.29085644 0.34469667 0.57896533 0.56037955 0.21427015 0.17620427 0.21682265 0.6467429 0.89697588 0.06626749 0.24107552 0.08734662 0.74186024 0.80583026 0.50216652 0.47857265 0.49468197 0.42214807 0.123109 0.3651487 0.80953464 0.69755649 0.05187014 0.86398873 0.15512323 0.59350059 0.32896301 0.07556187 0.17157484 0.98165839 0.68010317 0.46799282 0.35982461 0.70390154 0.45755589 0.86172911 0.92969163 0.8531871 0.64694005 0.99158194
0.67707222 0.06322538 0.5092252 0.13970719 0.57802024 0.5947944 0.79641669 0.87981797 0.95685286 0.19781719 0.52462392 0.66452111 0.57497813 0.81451733 0.94107613 0.46035072 0.16876376 0.61613111 0.28527619 0.03374508 0.81811005 0.8150785 0.53359009 0.18582083 0.71829629 0.88624123 0.31864009 0.29708557 0.34914985 0.30064162 0.01535412 0.5079234 0.88833253 0.98533311 0.74365565 0.88602121 0.13110786 0.22458444 0.16578637 0.51553569 0.78955848 0.39467535 0.44881662 0.44024176 0.92028536 0.00408138 0.69315387 0.13706559 0.94670465 0.67638041 0.63697433 0.65361303 0.57829102 0.06368256 0.84547807 0.68033394 0.19052782
0.8538435 0.12321573 0.79152261 0.90606448 0.42348379 0.2830242 0.03196571 0.68992595 0.81308933 0.87835802 0.88433132 0.47413154 0.24479029 0.05357689 0.94494295 0.25192343 0.95833871 0.66579374 0.41772219 0.20043494 0.30401477 0.00167752 0.19038584 0.45703883 0.01971447 0.30221319 0.08679802 0.32311471 0.83108706 0.10933754 0.02092336 0.91535193 0.85033162 0.31285738 0.04343721 0.61093846 0.32908867 0.76565558 0.56708621 0.73350823 0.09178461 0.64949736 0.27445188 0.11772981 0.70052392 0.90316918 0.9932528 0.26086627 0.62114045 0.48617569 0.09369257 0.06614459 0.39319302 0.09502912 0.45441241 0.94616144 0.39270206
0.60778075 0.7920795 0.83118362 0.3228889 0.54981966 0.55951909 0.05564637 0.49284249 0.09469115 0.22185792 0.15945877 0.86764658 0.87442491 0.14903317 0.94766202 0.30082267 0.16710809 0.26657232 0.14690084 0.35874092 0.98933446 0.38389406 0.63835317 0.60623294 0.49140802 0.17815802 0.73527407 0.90523594 0.59170686 0.43166606 0.08867563 0.28194441 0.29784932 0.53017246 0.36148303 0.73540011 0.22157769 0.59680054 0.63580947 0.56478735 0.47020483 0.17603096 0.83808245 0.53358374 0.89901626 0.24037315 0.99327954 0.25412288 0.49880989 0.148742 0.17572427 0.320489 0.15720638 0.93716527 0.88084616 0.43975145 0.21923347
0.79382266 0.92544327 0.90778051 0.73381616 0.79756179 0.04469135 0.27413227 0.91705637 0.07302655 0.77751391 0.3612052 0.0741127 0.30253766 0.45557113 0.24785006 0.09477769 0.49254856 0.21005286 0.71866807 0.83210911 0.65055165 0.16550122 0.25395762 0.17759265 0.28304011 0.10995477 0.45913629 0.22944636 0.75116017 0.22862063 0.97893903 0.30152188 0.43328288 0.54929284 0.94932344 0.63695236 0.45410711 0.70506197 0.78187148 0.43025857 0.13029379 0.34487188 0.45803699 0.00454656 0.36973034 0.93985244 0.80828372 0.62505781 0.70802107 0.51931871 0.42029571 0.93711411 0.41308626 0.12510472 0.94907739 0.84851873 0.30027777
0.81287064 0.58207839 0.7277019 0.22139621 0.17287404 0.98909957 0.25013039 0.79431059 0.94392169 0.54807919 0.03822147 0.91357909 0.77833847 0.12843515 0.73318661 0.10851212 0.85155733 0.46448338 0.50008117 0.16683946 0.08206797 0.71532348 0.63004392 0.2356171 0.25396875 0.74472697 0.10284269 0.90330157 0.56804173 0.02325863 0.78324201 0.24125003 0.83070026 0.0705814 0.97750872 0.80899776 0.56449586 0.66566299 0.36982997 0.52014198 0.10727444 0.17998959 0.18084879 0.82716714 0.90377193 0.07892933 0.29630876 0.093462 0.11515483 0.99806184 0.07745287 0.15693206 0.72718569 0.55163614 0.63862596 0.8499975 0.31162611
0.12534102 0.7914599 0.29743203 0.41632938 0.78673403 0.70878371 0.65771935 0.46203646 0.76372652 0.93161615 0.16538758 0.76093117 0.14048381 0.77699111 0.1516123 0.73326179 0.22783612 0.86629508 0.20556154 0.46233186 0.51596062 0.28865308 0.31498615 0.62983283 0.19796236 0.39609409 0.88646786 0.25352292 0.16473892 0.64737972 0.42589253 0.15115672 0.59771764 0.59006573 0.40765212 0.51668986 0.41944382 0.61607779 0.40558743 0.74627495 0.51469349 0.20207272 0.0528505 0.80846335 0.33398962 0.60688395 0.45056639 0.99080455 0.30139328 0.44553695 0.80901375 0.35709536 0.7057469 0.56696705 0.35801898 0.47001196 0.41490085
0.8682011 0.81242781 0.19631894 0.38107463 0.9294167 0.35493864 0.62237711 0.44182936 0.76386012 0.12482716 0.32575997 0.96718751 0.23856699 0.79967957 0.41724747 0.85268145 0.37058414 0.65643199 0.94609535 0.86806783 0.50204121 0.02881829 0.97175496 0.15656111 0.26881776 0.68205602 0.32577986 0.45595445 0.75995366 0.79265619 0.99279061 0.93749793 0.19809993 0.54414991 0.61275235 0.57392243 0.12270078 0.96448187 0.57286109 0.89571408 0.74696309 0.10595726 0.35328759 0.03601486 0.4718952 0.39897782 0.96334356 0.49067843 0.71820193 0.48629208 0.50148639 0.92286031 0.86588023 0.4691994 0.78915191 0.38103158 0.62712046
