test/input/source.asc
ncols         150
nrows         100
xllcorner     0
yllcorner     0
cellsize      1
nodata_value  -9999
[rows 25 to 49 of 100, columns 0 to 56 of 150]
0.62692473 0.4545728 0.52600194 0.93317043 0.26148587 0.87084752 0.52537727 0.18564787 0.41751744 0.54567062 0.98158693 0.63580501 0.23901381 0.41209349 0.95561903 0.52995708 0.82100059 0.27268762 0.78756388 0.99941883 0.27180865 0.97847215 0.32524181 0.94476751 0.87311068 0.75265038 0.06987373 0.37074687 0.83291376 0.87941891 0.58429544 0.36069073 0.79031531 0.89082916 0.23503322 0.21030081 0.66613004 0.24482907 0.06584089 0.28421837 0.78909673 0.67742264 0.35593901 0.67228715 0.40475922 0.28553681 0.65605765 0.3628707 0.43685798 0.22213591 0.41943803 0.40708297 0.53937294 0.03763552 0.41563407 0.62439324 0.67310114
0.90114646 0.85870648 0.92428714 0.32701509 0.92099712 0.15336512 0.54452824 0.91699837 0.32121555 0.03795447 0.69492434 0.33766944 0.07762431 0.74043352 0.41020352 0.0550803 0.46418431 0.15239651 0.70066002 0.64701677 0.51593643 0.67270716 0.13046026 0.06637345 0.61685521 0.3937503 0.56579327 0.56251428 0.75671591 0.95537891 0.41115934 0.62327006 0.3293766 0.36942554 0.52402074 0.23919249 0.65016419 0.06772166 0.08196363 0.48569269 0.18156816 0.09075109 0.79898042 0.67981451 0.83297468 0.21667549 0.74717676 0.11380352 0.25699884 0.77463862 0.19692039 0.72565972 0.38113959 0.07082061 0.82162793 0.18556995 0.97952282
0.26333023 0.16970619 0.02213882 0.54423662 0.43953041 0.61888686 0.25297735 0.43117578 0.35975522 0.15029025 0.0746537 0.49111178 0.40255006 0.54216624 0.67513823 0.46059634 0.84235866 0.35739507 0.76033847 0.72259907 0.76818284 0.46926943 0.65879394 0.14462459 0.85078592 0.82877499 0.68473123 0.66088154 0.19977355 0.99319698 0.20122848 0.62071784 0.2582126 0.60593534 0.31092216 0.80055166 0.98776296 0.76682988 0.78969269 0.98888199 0.50889427 0.67108189 0.74282602 0.90361789 0.7747019 0.80758026 0.94277466 0.8845198 0.24866952 0.0079604 0.61123098 0.77972726 0.69964822 0.3399691 0.12757838 0.44780779 0.07467951
0.35327511 0.7088746 0.86816806 0.98534772 0.41321381 0.68295824 0.38579728 0.82184497 0.66392637 0.42984747 0.73206928 0.147032 0.69630217 0.46194612 0.41999674 0.54904891 0.05699298 0.52098475 0.53949934 0.78904846 0.41058128 0.99686406 0.35260059 0.91535547 0.61846653 0.61140073 0.99678537 0.89887621 0.91196896 0.13817255 0.58575632 0.92965848 0.12457903 0.35063604 0.26921442 0.18482554 0.20093293 0.31630619 0.53328461 0.90113826 0.55990621 0.02799927 0.45876079 0.58770064 0.85032683 0.83800869 0.75026059 0.19780967 0.42806715 0.78310374 0.4743502 0.34849468 0.6918498 0.2101663 0.55129854 0.30773657 0.26665532
0.91733485 0.92968461 0.83054044 0.82749265 0.71371657 0.99638579 0.89480168 0.75159575 0.79889418 0.40145532 0.63241575 0.75475479 0.89384974 0.54190352 0.46782744 0.89260351 0.28647732 0.0516468 0.49471663 0.99114088 0.56245688 0.7696935 0.54214448 0.56497551 0.33754393 0.99204617 0.73693723 0.36380987 0.67317035 0.96131337 0.98546801 0.33780069 0.32246695 0.5653999 0.07620211 0.07144104 0.60051932 0.74788907 0.20999177 0.93099383 0.47557052 0.41510441 0.95927116 0.72047543 0.23209587 0.0359498 0.63022871 0.09832075 0.03977611 0.92248762 0.31306697 0.90819131 0.38633852 0.82092604 0.48935734 0.4897451 0.16843615
0.42230719 0.07490079 0.73687976 0.19875091 0.87943552 0.69027008 0.55326348 0.74118873 0.46660486 0.84214209 0.42931764 0.25712191 0.30255203 0.63283506 0.59028762 0.93788925 0.96207706 0.30835459 0.04426182 0.1768724 0.97314118 0.00200384 0.16804946 0.3521542 0.7106468 0.05262887 0.81413234 0.22304982 0.67524417 0.49134142 0.99918962 0.57603725 0.60086598 0.63955799 0.89071026 0.67381209 0.26955842 0.6998032 0.33165002 0.84341773 0.28048541 0.04110779 0.03041941 0.20494681 0.36074031 0.23635466 0.13505858 0.35541615 0.50750062 0.44359926 0.67130279 0.68709393 0.0363818 0.18666023 0.61916523 0.72247813 0.84293509
0.38516118 0.60273281 0.28996809 0.38045519 0.17747231 0.09213205 0.87451914 0.31575451 0.61222472 0.4138311 0.28111774 0.16915378 0.21237521 0.02881373 0.07882908 0.56387297 0.99401908 0.96190438 0.84063884 0.16413668 0.37138468 0.19343144 0.51796646 0.96830144 0.74612715 0.64002554 0.62807513 0.73678733 0.60232972 0.8008008 0.47030326 0.18949825 0.04162867 0.49807938 0.91181865 0.23643552 0.87932121 0.61090897 0.65637536 0.84515089 0.41641867 0.33627607 0.45260415 0.9765528 0.42885006 0.69979938 0.8338755 0.29100612 0.53408393 0.60340312 0.92390145 0.73254969 0.11402634 0.58382982 0.43371553 0.26920955 0.57920516
0.4181527 0.38300446 0.46320922 0.14500587 0.89774155 0.68507907 0.64533184 0.72201961 0.87317682 0.55899988 0.33896876 0.46198866 0.03700524 0.85393089 0.8706246 0.60564681 0.9902194 0.60536864 0.24622351 0.39722773 0.50020538 0.4448776 0.12154725 0.53693967 0.92055765 0.4770279 0.57163539 0.67615692 0.68669999 0.20065614 0.07592514 0.83171516 0.02038616 0.51494206 0.23720368 0.96019657 0.65782668 0.6911976 0.31504828 0.91782051 0.49629632 0.16551174 0.65835655 0.03515516 0.48058727 0.4981551 0.33021244 0.95326697 0.92364607 0.18825491 0.18029187 0.18036118 0.77323508 0.60305103 0.43462892 0.83395811 0.11898196
0.6946906 0.483471 0.84168131 0.42522277 0.58031903 0.12968244 0.35646461 0.72190095 0.73438141 0.73336916 0.61232509 0.15331805 0.0644132 0.9000968 0.10419555 0.34998436 0.36883198 0.64637032 0.22653535 0.32604073 0.91531867 0.16484059 0.94218792 0.94583517 0.36537118 0.73368274 0.76125454 0.43368848 0.12209719 0.7354998 0.99377886 0.91457898 0.40096004 0.35189705 0.08098467 0.4698067 0.85492591 0.18438614 0.60318639 0.76095066 0.11287809 0.91013611 0.3830649 0.88846779 0.53190429 0.8764634 0.49894534 0.2718787 0.72354699 0.68502361 0.5102082 0.85043953 0.32768591 0.24695516 0.32142438 0.34323108 0.8871264
0.86850235 0.23649357 0.55700525 0.05823779 0.31896423 0.07491104 0.90167441 0.17407876 0.32950108 0.99767246 0.9760469 0.8729362 0.94610745 0.87685703 0.32605015 0.85256876 0.81193602 0.61676907 0.67710781 0.5244025 0.11859888 0.56149571 0.76144583 0.62547328 0.44264935 0.56902457 0.25270845 0.23511625 0.42711136 0.40056932 0.01255441 0.39121838 0.21453475 0.86864868 0.38340062 0.73707828 0.05561073 0.90690723 0.88280213 0.42997224 0.173067 0.49757066 0.58044818 0.35788477 0.40220117 0.9086434 0.72888316 0.88145619 0.33093885 0.93978632 0.11692094 0.62076168 0.22028666 0.26864111 0.21900802 0.0143165 0.9514405
0.59030848 0.64715138 0.07440513 0.2869274 0.520019 0.61440985 0.41239004 0.4790903 0.47546574 0.3184146 0.19370663 0.90945517 0.14220444 0.57738448 0.55107862 0.92422604 0.55608506 0.8200235 0.99437908 0.97594527 0.30537283 0.6792523 0.07838868 0.58839999 0.68155913 0.09398999 0.09641964 0.6762176 0.26104609 0.31634739 0.10197907 0.79204244 0.78814416 0.13221056 0.76895117 0.64498861 0.6328827 0.63820142 0.77205409 0.5356122 0.37636895 0.99849838 0.66045749 0.74053366 0.74534933 0.69673589 0.13086781 0.94545577 0.43901948 0.46747572 0.09616318 0.24162274 0.56894397 0.32194283 0.76195864 0.60953942 0.72306951
0.29976632 0.21463865 0.8559724 0.40523052 0.28257721 0.15954041 0.09800173 0.06548988 0.08308764 0.75583683 0.19520106 0.01194276 0.97576337 0.38517965 0.76072041 0.66809086 0.57941715 0.82371351 0.85178275 0.2563186 0.08423561 0.6725727 0.2724291 0.9174243 0.31603903 0.80749452 0.33578512 0.56194709 0.25577403 0.62393887 0.17634558 0.36903811 0.76360572 0.30859079 0.62740169 0.47168865 0.49160094 0.12421203 0.84062418 0.99439098 0.40057729 0.58128967 0.28090225 0.52923313 0.87059713 0.40783599 0.30356925 0.43524478 0.69488643 0.00785185 0.39788704 0.15902047 0.20438129 0.29305595 0.86566949 0.00099729 0.5906526
0.9311849 0.03186842 0.78992048 0.37426281 0.50559012 0.78186466 0.33294115 0.57021038 0.17245574 0.1447895 0.29778238 0.94956824 0.31841147 0.31315628 0.67207507 0.15777943 0.67569327 0.90266057 0.12694774 0.18274531 0.33418025 0.54850932 0.3454659 0.39444942 0.3878601 0.60796424 0.78271223 0.43023773 0.46862504 0.8477015 0.23288784 0.65044761 0.69443639 0.98465867 0.37570624 0.12443849 0.37420587 0.09628174 0.75651522 0.91755927 0.04286594 0.25402928 0.87994863 0.40105357 0.22824148 0.59934111 0.75707836 0.49686851 0.66902237 0.62516563 0.23814911 0.13532288 0.27974952 0.42606067 0.37110804 0.73236877 0.6113674
0.13019522 0.78032736 0.31760181 0.98663843 0.79688242 0.99902599 0.77633214 0.66974448 0.9394828 0.73357038 0.98183089 0.72030231 0.70998823 0.0772269 0.67716376 0.88396323 0.53657054 0.02746557 0.33074324 0.32361684 0.32661923 0.55507213 0.30729649 0.88717298 0.254706 0.66972094 0.50992578 0.84444561 0.20278387 0.16387003 0.97135517 0.98839632 0.43369878 0.28494268 0.83966288 0.89258049 0.42948624 0.72928665 0.93854842 0.25078407 0.11283385 0.56405618 0.46481051 0.77911066 0.80663521 0.62008783 0.74609666 0.79711566 0.65090165 0.07028012 0.42990631 0.2665734 0.84506598 0.19576279 0.61724977 0.50124354 0.62589621
0.98759636 0.08944856 0.33286754 0.06447835 0.81536485 0.14848049 0.90623238 0.8527824 0.65114291 0.21212811 0.75138304 0.94738173 0.92750786 0.64476136 0.90504415 0.60594501 0.55516836 0.72134575 0.64294299 0.02174745 0.96399473 0.77054315 0.86119095 0.00626242 0.12984899 0.12787574 0.07267175 0.9195087 0.89570021 0.162681 0.63057717 0.297979 0.88358534 0.10266383 0.59625547 0.72966761 0.61429748 0.76208033 0.04869159 0.55705123 0.40846129 0.45244329 0.30936132 0.19719431 0.71850824 0.58330855 0.70593515 0.43564107 0.24221448 0.98200633 0.97205236 0.64242875 0.34915512 0.8022574 0.5618348 0.32046604 0.86049162
0.30163038 0.20838064 0.61267471 0.73635489 0.61535439 0.31579679 0.23572453 0.74131045 0.54301338 0.25732422 0.48002065 0.1487652 0.90149881 0.70098705 0.39275402 0.50511343 0.2301315 0.23154631 0.81638296 0.94869693 0.32479327 0.00156187 0.77245498 0.64872035 0.38777607 0.14496848 0.58281152 0.18561838 0.94950307 0.28822208 0.72735032 0.66249161 0.93234115 0.92938515 0.59423198 0.10359036 0.78518651 0.84957382 0.02507236 0.38523213 0.27776612 0.27589999 0.15105207 0.3627546 0.38446904 0.82388437 0.17368577 0.44005031 0.39796498 0.31372164 0.12033272 0.72697261 0.90462632 0.93853101 0.40732516 0.98064278 0.04994716
0.44179195 0.91387092 0.45752153 0.458578 0.5812588 0.74954907 0.3890462 0.54467283 0.51063471 0.81598009 0.09138338 0.67051368 0.9990531 0.30758999 0.72524361 0.59385454 0.95078783 0.90202492 0.00016502 0.72819549 0.90691182 0.89473793 0.55565115 0.51683174 0.89947747 0.01490825 0.12621521 0.05133798 0.02441846 0.59370567 0.38855684 0.3018821 0.26519785 0.87283669 0.20611916 0.1925453 0.31539438 0.63155738 0.31639632 0.81204359 0.91987266 0.04625162 0.29784059 0.34550068 0.98854885 0.27251143 0.21153661 0.10172534 0.38968398 0.39518064 0.74143342 0.34135793 0.62528388 0.26224149 0.61414773 0.48441958 0.03199633
0.61041013 0.5729931 0.49539655 0.56320594 0.49971964 0.0541189 0.10776021 0.91500903 0.03960264 0.84520578 0.56645873 0.66842649 0.57337166 0.98335138 0.61353796 0.38989694 0.4565725 0.55555824 0.43483563 0.92565159 0.90903961 0.7692275 0.78329812 0.8548327 0.43685193 0.48319691 0.04677071 0.03378246 0.26415533 0.02605023 0.60222625 0.47616052 0.68823419 0.96198129 0.0985425 0.49513939 0.17047726 0.60508364 0.61385787 0.79993398 0.27721238 0.17285932 0.29904233 0.56752641 0.99016011 0.59068122 0.54418755 0.10771327 0.89334673 0.91858929 0.48308756 0.65249066 0.78461016 0.53887877 0.5915324 0.12579098 0.90515004
0.70479251 0.99621823 0.44759933 0.18925569 0.80370919 0.27133255 0.71648284 0.17514186 0.84181365 0.74412291 0.37373152 0.7648536 0.91548531 0.35770898 0.80590314 0.88962705 0.80415084 0.78990082 0.1622672 0.50294263 0.64613808 0.25756411 0.00311659 0.20890274 0.11835303 0.37509721 0.12257982 0.46852113 0.09587805 0.32255035 0.61318359 0.51144038 0.63296688 0.24508402 0.45215695 0.19412368 0.11280063 0.92338301 0.89801937 0.94439951 0.53332171 0.21076627 0.77794721 0.2031958 0.21095105 0.56952191 0.66865194 0.52903147 0.67971109 0.53521709 0.63629875 0.26919526 0.45054658 0.04201149 0.2358597 0.97777801 0.76851608
0.68619748 0.29565522 0.06279871 0.7393192 0.91779904 0.75918754 0.66478539 0.41168697 0.12594067 0.1729861 0.32484045 0.55881687 0.04514092 0.8704198 0.50544611 0.7613256 0.29440069 0.33488019 0.62231018 0.64322174 0.61933826 0.2006839 0.65987818 0.42764925 0.62581968 0.65888979 0.54976522 0.04033614 0.25048391 0.52693389 0.74263526 0.31857104 0.18657673 0.6485732 0.04716799 0.01857731 0.8262436 0.06160494 0.81612228 0.66499569 0.37751899 0.21252514 0.08256115 0.376404 0.31816014 0.19099901 0.96228682 0.99668387 0.58537518 0.34426469 0.67102952 0.11630335 0.51634385 0.59835983 0.76481712 0.90037157 0.90134316
0.79826552 0.03675303 0.84794007 0.74049079 0.91171108 0.56880655 0.32466176 0.17747494 0.93241713 0.80292952 0.14057772 0.85605439 0.0372941 0.15463503 0.74419225 0.40222554 0.38764669 0.77501722 0.9458771 0.7984482 0.35587885 0.44698354 0.86201604 0.57979696 0.11828699 0.74638116 0.92416148 0.2826683 0.01314966 0.438704 0.81400446 0.31350556 0.98545109 0.35770704 0.11706069 0.08141567 0.57776594 0.89966979 0.94113285 0.39119623 0.36576905 0.92280911 0.79814497 0.64341392 0.85034326 0.39882911 0.88139189 0.24027906 0.48933252 0.58997451 0.7864499 0.58662584 0.83953351 0.02417145 0.53956154 0.73246499 0.50094881
0.37272935 0.41400804 0.38544418 0.42418885 0.69316493 0.7602901 0.60939604 0.55910441 0.63088446 0.26183686 0.58539777 0.80506918 0.65602877 0.37562572 0.03029746 0.56371895 0.67639436 0.39506946 0.04628066 0.41740076 0.90921144 0.75038921 0.37002647 0.66306358 0.02953876 0.50184804 0.26238368 0.10027855 0.36825356 0.03962316 0.2808267 0.02262943 0.97194924 0.00707833 0.18344638 0.98107607 0.54145278 0.64087687 0.05042849 0.75016159 0.16990544 0.06447988 0.35390973 0.12120839 0.69605289 0.52598298 0.45855062 0.61791344 0.55995496 0.25591016 0.6921173 0.60750494 0.47226931 0.8025619 0.12502155 0.18765954 0.36386096
0.30454121 0.52035672 0.41723139 0.31292431 0.12937846 0.97502201 0.02422809 0.9631185 0.89414763 0.95140672 0.13899109 0.91401359 0.14212519 0.6169772 0.85739167 0.94077549 0.40892115 0.25070137 0.34163853 0.15460795 0.88633878 0.93201133 0.92279438 0.75889305 0.53505814 0.49933484 0.83307658 0.02249743 0.62000873 0.23495675 0.31670956 0.85889817 0.87235765 0.01730224 0.13918388 0.52643747 0.15780712 0.44866703 0.59812775 0.12100933 0.7346371 0.89902378 0.37387709 0.90915872 0.89126024 0.77629931 0.87351958 0.34719171 0.67278743 0.82672855 0.61500509 0.33356725 0.77350544 0.82755679 0.43521546 0.90617418 0.62192339
0.99719095 0.79554266 0.35023692 0.33321347 0.37646162 0.63027966 0.46425815 0.14492765 0.98069424 0.520962 0.3367756 0.4115191 0.95389342 0.53693817 0.61903386 0.20193435 0.67529542 0.31253148 0.1163244 0.85983895 0.65996284 0.98620218 0.40935297 0.69761915 0.18859297 0.96932707 0.20820387 0.39539587 0.51444979 0.49026576 0.50738457 0.19962924 0.60852724 0.26093929 0.78690488 0.05466607 0.0688793 0.08056659 0.73417582 0.55915483 0.65792924 0.64422018 0.15693981 0.57725888 0.78476967 0.99045078 0.52647348 0.29485149 0.8836146 0.97911012 0.76770262 0.52744499 0.28565391 0.10759937 0.46740676 0.02115631 0.47219602
0.48880685 0.7947665 0.94467391 0.48326479 0.6862984 0.15520953 0.84097122 0.56078779 0.16961316 0.61167263 0.56613662 0.72494884 0.25563748 0.11667968 0.13133882 0.29886328 0.07249567 0.15755544 0.57243556 0.11963899 0.68627627 0.39493596 0.92715554 0.57685719 0.0349379 0.08801484 0.94737484 0.59003069 0.28547985 0.94120019 0.74209077 0.81868435 0.19273976 0.5870442 0.28064767 0.7546563 0.9020156 0.23052114 0.52147041 0.25306633 0.92456963 0.21939993 0.43570727 0.22555606 0.100008 0.15023231 0.43030451 0.85814939 0.7551367 0.6974879 0.357179 0.72276467 0.12868419 0.16874841 0.42456809 0.11506721 0.06179641
