test/input/source.asc
ncols         150
nrows         100
xllcorner     0
yllcorner     0
cellsize      1
nodata_value  -9999
[rows 75 to 99 of 100, columns 0 to 56 of 150]
0.20110034 0.88333591 0.59845646 0.93330383 0.1921559 0.63462727 0.83091997 0.18360456 0.41541389 0.94685783 0.57425582 0.75654445 0.89307546 0.04249497 0.9303411 0.14801845 0.94650038 0.50141571 0.60942558 0.34011026 0.93133221 0.21341637 0.05956964 0.58174843 0.49155123 0.89981009 0.22741899 0.09927392 0.86081146 0.77239383 0.14465382 0.45616199 0.71913404 0.59683501 0.9195842 0.03263537 0.63522901 0.25012318 0.54391525 0.17952507 0.39245913 0.56463219 0.58942704 0.50858405 0.21821455 0.8486588 0.25495306 0.0922706 0.18274017 0.76338346 0.83879863 0.99324051 0.58025977 0.85468602 0.21420799 0.1001595 0.99892432
0.91331905 0.52328295 0.68399437 0.39632396 0.64919569 0.28300346 0.90287807 0.45884807 0.49332045 0.61019014 0.40926761 0.89776688 0.32594345 0.4282651 0.45219015 0.48428444 0.73757692 0.61760306 0.6672151 0.82674635 0.56272526 0.27266157 0.91296273 0.97812316 0.39262064 0.58431184 0.37332589 0.6090172 0.54237523 0.73339046 0.50474214 0.97577091 0.21711449 0.3824356 0.88345592 0.36858286 0.04392581 0.72401189 0.80688897 0.69467191 0.68404183 0.73202 0.40140106 0.32648917 0.11098589 0.96755486 0.40343936 0.90984744 0.73694083 0.23073941 0.32624396 0.96602217 0.83369223 0.52508982 0.77809126 0.86078299 0.74974438
0.86515799 0.24079912 0.54215442 0.9797877 0.38447757 0.94986654 0.87558793 0.83581218 0.04898435 0.47377322 0.49920991 0.87472696 0.36564271 0.80357462 0.38895964 0.58625418 0.20967443 0.51086111 0.90229871 0.59047651 0.59491961 0.29445359 0.86215408 0.29979061 0.11230396 0.28202663 0.75645352 0.3964643 0.78383131 0.73292468 0.43732083 0.5967276 0.8874051 0.12044378 0.95502404 0.42505714 0.52105881 0.18793545 0.05691845 0.21884446 0.65073883 0.84855006 0.80096546 0.75935141 0.28632494 0.50901876 0.87189272 0.43388249 0.40136589 0.08107951 0.61938477 0.43702152 0.48414154 0.05109629 0.84923559 0.87872591 0.43607887
0.00878652 0.00109931 0.99742636 0.95575263 0.09595667 0.35676276 0.9127183 0.42019018 0.95785333 0.37920644 0.53539591 0.33799228 0.1478179 0.67617829 0.82002199 0.40510807 0.71453406 0.86178627 0.93180303 0.70653625 0.43117718 0.83128178 0.48139447 0.20898685 0.36705938 0.0759224 0.93437461 0.12948396 0.19394898 0.76710723 0.49028511 0.6879187 0.53549813 0.95906738 0.53008506 0.68432298 0.94860236 0.10485665 0.06272807 0.63497197 0.05954936 0.26896091 0.52938117 0.69379811 0.32711932 0.97016051 0.51069417 0.02424245 0.18357499 0.7071846 0.7868575 0.94988009 0.76774725 0.10357737 0.27006359 0.11981211 0.69258778
0.02697523 0.66207087 0.08670881 0.50402272 0.02991359 0.27303395 0.05580307 0.57267992 0.28386171 0.75572136 0.35860844 0.1349832 0.71056783 0.609119 0.91205952 0.53305569 0.81857138 0.92180049 0.58036394 0.43091078 0.83650169 0.16300197 0.23698805 0.82595421 0.52464769 0.80109739 0.41883726 0.00452565 0.21563802 0.24580713 0.591869 0.47967097 0.84059677 0.29435595 0.23468875 0.6826786 0.5388115 0.27519286 0.83323624 0.11601722 0.42470462 0.0526109 0.55473933 0.84082562 0.37888387 0.96531654 0.92731848 0.0852677 0.30969579 0.96789075 0.87082029 0.9807752 0.34372748 0.47492831 0.19510884 0.2019405 0.76072508
0.21448793 0.26563428 0.73770912 0.06806652 0.33455585 0.30393522 0.44549361 0.91502298 0.17101035 0.16048569 0.47209361 0.78027088 0.17231522 0.37481986 0.07574315 0.53507355 0.08760506 0.42648707 0.37704442 0.14708767 0.63565306 0.90852904 0.71169367 0.20223536 0.21240246 0.92671745 0.40024513 0.61568391 0.48966612 0.81062912 0.80580212 0.82061835 0.55530883 0.98530981 0.69677894 0.2835445 0.6215647 0.96796397 0.56644253 0.04929381 0.4954922 0.61333152 0.65420935 0.41046355 0.1210827 0.71399882 0.40294196 0.43430507 0.78294007 0.16995329 0.55579885 0.12821048 0.08380149 0.17400138 0.33156054 0.56392025 0.72447691
0.2923207 0.63352629 0.36019994 0.39643693 0.68042471 0.0825849 0.90874443 0.43662325 0.83437448 0.6207085 0.40422976 0.56439607 0.17496067 0.72889664 0.05053441 0.25496341 0.04604434 0.34642267 0.31526928 0.30310352 0.20298088 0.54102104 0.04102563 0.61532295 0.84847449 0.73911207 0.96438831 0.12724056 0.30350651 0.22734795 0.60860344 0.25182026 0.7632214 0.71762473 0.95061517 0.57860874 0.32862742 0.6077198 0.85828535 0.47696411 0.04004106 0.13324946 0.06927458 0.60137591 0.75005255 0.52993147 0.07592189 0.95080341 0.37485684 0.8428281 0.18351171 0.83205949 0.56490495 0.97570498 0.49522808 0.16217351 0.05947391
0.67350859 0.58760698 0.13516403 0.54646087 0.59127836 0.44250377 0.00212072 0.30261051 0.25302088 0.68274209 0.92129356 0.57320099 0.08352223 0.77721326 0.55534959 0.56716662 0.73200872 0.53501922 0.50603789 0.40153787 0.52874439 0.76790749 0.86349424 0.05466659 0.82744864 0.71742944 0.31883648 0.62387923 0.93367206 0.81254579 0.39051623 0.3480015 0.38183667 0.67121753 0.21715994 0.04403669 0.69967815 0.08259499 0.00653999 0.26511964 0.37245919 0.5018885 0.62266078 0.93096413 0.48812074 0.94568681 0.12606628 0.24517314 0.64057417 0.00281396 0.97621408 0.70445299 0.56127305 0.01624429 0.75716221 0.02397823 0.59482885
0.13549195 0.18421583 0.31042125 0.64121622 0.6383169 0.32042133 0.05792896 0.35624936 0.63585815 0.41291236 0.05919103 0.32617386 0.90317464 0.76111514 0.76314474 0.55869904 0.06327478 0.85768301 0.61448327 0.98939371 0.56033755 0.58261926 0.22454855 0.91582327 0.15563025 0.75542719 0.28547819 0.04844223 0.80681641 0.79174597 0.38010103 0.35032149 0.21261139 0.83373106 0.59122796 0.4895391 0.67817299 0.39034887 0.33156892 0.42975672 0.01175518 0.08157905 0.44937567 0.50928346 0.15806599 0.72876958 0.36216333 0.74935238 0.42027825 0.59265705 0.68239274 0.01800768 0.44441514 0.19452118 0.80584484 0.05952293 0.05052083
0.50999948 0.5006361 0.06065618 0.00958938 0.19909948 0.5351979 0.67463897 0.37606461 0.98263872 0.4372165 0.38013568 0.35889456 0.4650139 0.95269457 0.68539545 0.691594 0.13405731 0.18257052 0.07868429 0.82588595 0.4782479 0.74456957 0.26470863 0.17073042 0.24296793 0.1083443 0.72075013 0.38048075 0.22628347 0.29014843 0.06648185 0.91935395 0.41066325 0.70697015 0.51428625 0.22631935 0.58367993 0.19410592 0.65416735 0.20432715 0.34498294 0.33021704 0.37281901 0.76142948 0.0683463 0.00476661 0.59635202 0.27116599 0.85362162 0.8053569 0.02581257 0.12078008 0.79084922 0.18949598 0.59189145 0.28066861 0.03880121
0.81577052 0.87734402 0.95460607 0.68912832 0.39926126 0.34397943 0.40846467 0.33647196 0.02985989 0.29614775 0.10089378 0.69764409 0.23808388 0.5410772 0.1706255 0.08603509 0.81597957 0.53655608 0.62362103 0.83175177 0.47056214 0.80622731 0.3536044 0.92226412 0.85741116 0.74084646 0.23153079 0.98928121 0.35010639 0.3445929 0.17668569 0.69381885 0.83780904 0.83783053 0.02797303 0.38628186 0.86685967 0.49816039 0.78287262 0.53741486 0.95048991 0.82058794 0.25755596 0.4961679 0.4109939 0.21859448 0.78962358 0.96006329 0.8543189 0.18402161 0.73700328 0.05174505 0.31825978 0.48356728 0.9856224 0.22505532 0.2916693
0.85135885 0.07013484 0.04756944 0.486679 0.43960712 0.02816869 0.53902594 0.18892223 0.88628987 0.02803988 0.14242777 0.27465254 0.60896939 0.03808181 0.23354339 0.74590891 0.48540186 0.68779479 0.46041523 0.49161764 0.57096726 0.83032277 0.13840969 0.83649568 0.83805573 0.04502899 0.09670302 0.68105906 0.6106949 0.01159938 0.87272239 0.47221125 0.52296541 0.93303352 0.14156104 0.66737728 0.94987399 0.50222175 0.60265405 0.58264725 0.57357139 0.53263563 0.69754243 0.74232168 0.27326605 0.13176904 0.71521382 0.55298323 0.11473704 0.00624564 0.70610432 0.47849763 0.98171559 0.58970462 0.043641 0.65046764 0.05753203
0.02085418 0.98856158 0.15891922 0.07528957 0.88374645 0.06209927 0.39083763 0.38254226 0.96104787 0.42688623 0.38531802 0.29954887 0.08371332 0.94658302 0.19909061 0.04879264 0.99502414 0.24856049 0.40621865 0.20320328 0.83799395 0.34997707 0.89008355 0.19937095 0.57750607 0.80371036 0.2617164 0.37699789 0.60727061 0.18552382 0.51325616 0.92539912 0.68830942 0.35369009 0.64573594 0.30013239 0.36752167 0.16167652 0.94258449 0.27892158 0.35504058 0.62620103 0.6671746 0.30902798 0.50633191 0.93341127 0.41831411 0.54020147 0.33109981 0.3578347 0.84136557 0.02650887 0.12096708 0.70321316 0.16790181 0.86954458 0.27436483
0.47036609 0.87315485 0.85044106 0.1180986 0.73545256 0.99819265 0.02655946 0.0607389 0.07900761 0.79195085 0.11610175 0.20407737 0.5019269 0.50354175 0.65997528 0.33414905 0.86898814 0.58394042 0.50238347 0.6447522 0.49924363 0.16831234 0.48700275 0.43106461 0.52602419 0.96752405 0.19534548 0.35691712 0.28192505 0.81485329 0.44537023 0.49287746 0.07109891 0.31420257 0.53227521 0.73920297 0.12743962 0.17383564 0.55256182 0.90962449 0.42613009 0.79072157 0.22143757 0.18050932 0.17852607 0.69257513 0.97307616 0.60456266 0.08915909 0.18612539 0.69378027 0.88139437 0.18081699 0.33807725 0.0520319 0.52354317 0.23958036
0.75709541 0.6935723 0.05010235 0.46039182 0.10209498 0.44864903 0.2773402 0.52193781 0.92778229 0.69614454 0.8616334 0.52368174 0.13709799 0.82126488 0.75350459 0.51782518 0.20456506 0.79938751 0.26041229 0.74909009 0.07721788 0.76988083 0.38324601 0.39301136 0.47313683 0.02874823 0.37909936 0.23249728 0.16232792 0.61403541 0.49450753 0.73051869 0.77950764 0.40369742 0.4280532 0.74698595 0.86081734 0.14801785 0.17323492 0.3472566 0.1208674 0.16188028 0.40286493 0.05739569 0.19116694 0.50835079 0.8931738 0.91712168 0.70104647 0.09569427 0.32950091 0.14892939 0.14533667 0.2556604 0.86399829 0.68051644 0.19615578
0.17711758 0.28527981 0.31054481 0.46369667 0.03042113 0.95856555 0.90900762 0.03809362 0.55782877 0.9531376 0.31087777 0.39096288 0.26006677 0.84634006 0.01406206 0.3847649 0.02647555 0.56956072 0.21424966 0.42712785 0.06391114 0.64813151 0.5212641 0.43837446 0.42947584 0.90044863 0.33034922 0.33450529 0.78729799 0.55026419 0.7543033 0.51331149 0.11174701 0.99461821 0.09827887 0.61181416 0.37666267 0.12870103 0.76180952 0.49782432 0.97527783 0.15497851 0.32326581 0.09766143 0.83357506 0.10951535 0.79952114 0.4542939 0.72455673 0.11420904 0.84427875 0.56634436 0.92653534 0.86582359 0.78936649 0.93163652 0.38353409
0.47129495 0.47029079 0.28237509 0.33051112 0.86982548 0.33763197 0.27418948 0.97497481 0.8742997 0.95243081 0.55099064 0.36275138 0.92002306 0.20994325 0.75937542 0.00507811 0.9439838 0.65848649 0.95929774 0.70524753 0.78892024 0.42513882 0.80527041 0.97298463 0.1476551 0.63258748 0.78213715 0.88802129 0.88348965 0.82666304 0.90996546 0.59878151 0.02259547 0.04402104 0.03942375 0.23671441 0.78570249 0.33520727 0.10838201 0.57005663 0.109086 0.24681669 0.35864698 0.19767208 0.70389123 0.11134465 0.10759758 0.98569897 0.03240619 0.21240608 0.26678584 0.70256374 0.55796877 0.65853451 0.43865217 0.76059628 0.05124271
0.53454475 0.52713125 0.82000048 0.98808397 0.33694371 0.12527662 0.91058108 0.00761512 0.75864082 0.50163591 0.32781595 0.5490337 0.65537578 0.69923626 0.77053242 0.42539256 0.18316296 0.68466277 0.13483021 0.84875416 0.74288226 0.50245907 0.96623963 0.31284352 0.24400435 0.26723087 0.37528156 0.87779235 0.08585882 0.89261134 0.64880425 0.22644869 0.47528912 0.27785808 0.33923617 0.93607777 0.98940948 0.8701322 0.04619875 0.87213483 0.20628324 0.23596248 0.88847666 0.93955755 0.9417129 0.97599365 0.42121704 0.74688279 0.17727253 0.76947244 0.89427206 0.49563473 0.56079688 0.66600678 0.06489317 0.99358762 0.0539493
0.83885281 0.92346506 0.04593894 0.81795823 0.25054059 0.08280949 0.10264723 0.0718659 0.09947453 0.2955459 0.85945134 0.34747062 0.22965891 0.30594932 0.50789872 0.75120859 0.11342857 0.19562774 0.42225898 0.22843344 0.25271917 0.48568915 0.53327296 0.81674105 0.75611436 0.05491386 0.71290419 0.54069511 0.7658464 0.12524786 0.53164564 0.46918061 0.77265603 0.65688499 0.96471676 0.75278789 0.54977518 0.61050969 0.1513684 0.04078427 0.00329803 0.27455984 0.47084733 0.99062832 0.57558918 0.59728544 0.77720399 0.14472663 0.04475036 0.60721442 0.85173993 0.56061311 0.09623106 0.61186045 0.38223611 0.59357976 0.97437343
0.13704373 0.34834279 0.17342903 0.77536925 0.01548998 0.10279941 0.71279062 0.08251717 0.55023913 0.2056876 0.33870005 0.76533144 0.74848942 0.00935595 0.94019358 0.21458681 0.63579837 0.34079134 0.83410235 0.0772449 0.35036538 0.44320427 0.41635231 0.33987469 0.19221494 0.77993768 0.54732715 0.71625711 0.64523384 0.55815943 0.60002226 0.63038171 0.68962048 0.43301819 0.02102578 0.09229084 0.22483408 0.62774219 0.0115052 0.94355938 0.82815147 0.08290625 0.17967748 0.47018779 0.48058158 0.91607718 0.90991308 0.87544987 0.47414816 0.61550933 0.13256784 0.3825381 0.85546711 0.66790663 0.26291346 0.68470096 0.44777767
0.8802384 0.92210283 0.17823792 0.73232062 0.9019099 0.57568172 0.14662381 0.67225387 0.93708791 0.26030998 0.88807637 0.36709624 0.54819468 0.75169401 0.20788218 0.95550289 0.14451641 0.53380031 0.50401577 0.50784873 0.03707479 0.73893292 0.34611897 0.27662713 0.49404711 0.40376007 0.02946136 0.19723824 0.31573665 0.86796388 0.60898555 0.47741659 0.62060134 0.86506106 0.81099692 0.45508226 0.22523245 0.8043689 0.16902471 0.44974353 0.54753331 0.57021634 0.00348325 0.03426842 0.73969389 0.32677734 0.60571779 0.52623611 0.23980855 0.17090392 0.06591053 0.69563368 0.35124663 0.81978828 0.71437976 0.37585303 0.13351841
0.38579775 0.09306179 0.79563712 0.40653586 0.78968033 0.04063059 0.28052902 0.31731692 0.66971014 0.78157174 0.70271842 0.20694816 0.76110615 0.27587218 0.09113698 0.59015712 0.57808311 0.90174859 0.50528297 0.82075554 0.09899295 0.39712292 0.97305127 0.50757207 0.70570783 0.39324806 0.29144349 0.09215438 0.87490657 0.4119273 0.1460741 0.74007454 0.90900638 0.82098845 0.36030567 0.89660021 0.4011303 0.92326024 0.78937412 0.27990859 0.51664449 0.54782519 0.26230612 0.47937928 0.37560126 0.09095593 0.26615968 0.54414142 0.2893731 0.64947149 0.86716055 0.63298677 0.74617498 0.70551334 0.26408727 0.69998276 0.32043712
0.65101242 0.31728157 0.84242178 0.24021672 0.73528255 0.14397751 0.37178334 0.81719406 0.54458874 0.97275667 0.4839295 0.13693334 0.43562769 0.98590919 0.1417921 0.9646267 0.5584329 0.09270123 0.4873316 0.65856342 0.08291489 0.3372306 0.58484001 0.95888368 0.55894188 0.46834161 0.09714714 0.87901458 0.89820349 0.58424196 0.40940769 0.17365372 0.66662341 0.1880922 0.54954464 0.1383873 0.73172364 0.54449488 0.05977231 0.90293743 0.82009225 0.93435579 0.84443212 0.11105245 0.76386159 0.82859797 0.99653445 0.8087372 0.67715845 0.38191259 0.07516136 0.4513233 0.08303212 0.8773929 0.86758703 0.71829606 0.87723127
0.24810789 0.96813553 0.1700957 0.42532363 0.84746518 0.67277598 0.90370379 0.35466087 0.40618995 0.0386467 0.81850947 0.40845663 0.35432365 0.12690482 0.17924078 0.47818187 0.63865841 0.60093264 0.230558 0.95205173 0.17802887 0.24670153 0.68893119 0.27030227 0.32652888 0.79296506 0.54881336 0.73675343 0.5780872 0.18846523 0.85887013 0.40495141 0.74605603 0.08225755 0.36042424 0.3125603 0.16539931 0.87152226 0.06459762 0.0982393 0.57864427 0.34510923 0.69881597 0.7079774 0.6442185 0.40273929 0.23664575 0.64838002 0.91209567 0.22576186 0.97775921 0.30206787 0.17964411 0.74204351 0.53910111 0.75878214 0.41320202
0.87453222 0.23903211 0.95962423 0.16191157 0.39214384 0.02369922 0.89249914 0.73057345 0.14562617 0.89403005 0.37409473 0.96258026 0.24892706 0.05877955 0.856198 0.34349233 0.70583397 0.26428794 0.8924768 0.23242036 0.62788685 0.3520195 0.51213102 0.94411424 0.37098845 0.11603264 0.27441243 0.20843699 0.98569216 0.61962306 0.73864189 0.92831742 0.60607304 0.76433984 0.97241121 0.35169897 0.93366082 0.5655996 0.38568384 0.23176184 0.3307758 0.1600542 0.51114297 0.63626558 0.45590737 0.43108384 0.78914499 0.78413651 0.7121864 0.39493933 0.01928401 0.45055915 0.6615312 0.70378776 0.2300108 0.52340912 0.82826605
