test/input/source.asc
ncols         150
nrows         100
xllcorner     0
yllcorner     0
cellsize      1
nodata_value  -9999
[rows 50 to 74 of 100, columns 0 to 56 of 150]
0.13185268 0.46494545 0.73788552 0.166009 0.35918343 0.95118813 0.43671914 0.87744593 0.65660092 0.90134259 0.79313283 0.52568818 0.76937766 0.11608173 0.26076064 0.53587209 0.77102181 0.72708744 0.51383009 0.05838188 0.85945412 0.18722389 0.38449319 0.30784961 0.47445159 0.40426254 0.74280522 0.12701776 0.04580878 0.81373772 0.74799606 0.87809899 0.78048669 0.92219926 0.65391154 0.42915467 0.01783286 0.53193164 0.53180101 0.42356385 0.55829769 0.84033689 0.79934135 0.51346245 0.50302987 0.71210227 0.64568151 0.20671684 0.84316692 0.83724675 0.93021354 0.32071055 0.67985472 0.94503399 0.48246471 0.69795748 0.99473296
0.21294359 0.12598731 0.63522851 0.66228716 0.58384913 0.25197751 0.54404253 0.61025541 0.94807657 0.67392072 0.44553664 0.52532462 0.86898528 0.85303552 0.98053023 0.47167689 0.40840334 0.95060258 0.03935747 0.54060995 0.79491411 0.2395687 0.25421665 0.58887634 0.64995578 0.3720854 0.16837297 0.87996766 0.64330706 0.93967292 0.24139831 0.82914694 0.12022296 0.25877001 0.53204101 0.93039975 0.79538638 0.72470194 0.8283149 0.05656809 0.79159531 0.7482913 0.04936923 0.27316928 0.13037504 0.0528755 0.78702506 0.57516567 0.66319428 0.90549332 0.97104903 0.92575031 0.37598408 0.47462138 0.74464045 0.69173484 0.97250262
0.97403175 0.62990129 0.62714254 0.42629701 0.78251318 0.22898621 0.63486204 0.69027749 0.46081093 0.12332847 0.45123342 0.46721122 0.20762776 0.73591614 0.81110241 0.7115858 0.8369787 0.23748747 0.45047831 0.99724682 0.42419967 0.65069463 0.62218428 0.49182113 0.67488596 0.50036319 0.70065485 0.9446565 0.54598333 0.41884657 0.5259434 0.48315574 0.60224904 0.19507826 0.86516502 0.17482403 0.36816404 0.00682804 0.36150792 0.81651173 0.86794523 0.02291028 0.88891936 0.19241244 0.16196729 0.0720204 0.14707255 0.73402743 0.14407311 0.92575526 0.89287409 0.4638184 0.58460107 0.78503273 0.38756324 0.4272006 0.08375401
0.51873559 0.08583385 0.46359278 0.30243506 0.55388398 0.27034822 0.75543604 0.34446437 0.14322289 0.61251716 0.42503725 0.60404609 0.50966339 0.95684115 0.60936867 0.42767148 0.88914694 0.23109935 0.93221064 0.61551505 0.9837959 0.39514134 0.86554974 0.50671094 0.55624595 0.19328042 0.23406578 0.56863646 0.23860179 0.81187106 0.95050252 0.29040189 0.72686429 0.98976099 0.62863596 0.11741086 0.0228224 0.24010654 0.94525987 0.58257932 0.33714767 0.48436472 0.06493359 0.46820186 0.99969005 0.60094426 0.46183951 0.37937635 0.73020122 0.33229216 0.17157629 0.43452073 0.3602565 0.78425719 0.9619053 0.73122921 0.59383292
0.33911038 0.01448388 0.38273796 0.54793753 0.31548618 0.82740383 0.6486311 0.22841009 0.39379707 0.91024342 0.9558062 0.26166009 0.89839874 0.7709219 0.05677917 0.40585061 0.89412801 0.78749463 0.84923053 0.26039365 0.74970979 0.3843579 0.44366116 0.41196372 0.21419738 0.89957154 0.66458183 0.92102144 0.64546073 0.65571947 0.73353892 0.01669573 0.94016517 0.2449474 0.64947858 0.52998912 0.81786685 0.08820797 0.90079601 0.31444191 0.19323122 0.37073608 0.0932783 0.17496735 0.24695741 0.674175 0.68878571 0.72451059 0.55243064 0.67277545 0.49501769 0.3679001 0.33375319 0.07414215 0.9370915 0.3890814 0.65905726
0.80039294 0.61330125 0.15557613 0.37759998 0.97120605 0.35103864 0.34470225 0.57310417 0.68423166 0.20088581 0.10531915 0.58928916 0.53689937 0.84566458 0.95774115 0.98715527 0.12417232 0.83365063 0.83026759 0.499026 0.1624294 0.96717115 0.27572084 0.51746425 0.50004184 0.04064794 0.41589574 0.52819071 0.74863687 0.48188792 0.77462011 0.79833257 0.70846546 0.14914547 0.30674194 0.00209368 0.99930844 0.93180493 0.5443136 0.88229147 0.94706639 0.81371257 0.57556059 0.15586339 0.18015612 0.32917347 0.09115615 0.67198182 0.28684716 0.15316259 0.48287505 0.40656822 0.73477139 0.67642574 0.03643396 0.6669496 0.60445327
0.01115447 0.04443708 0.53063441 0.42429468 0.66065512 0.52376944 0.51409228 0.97455919 0.22381079 0.76182701 0.3805267 0.36184964 0.52262444 0.33528556 0.45662164 0.48005443 0.10674035 0.04725035 0.08816899 0.23538735 0.67910641 0.62415124 0.44964387 0.40325513 0.94157205 0.44023181 0.82490746 0.65220899 0.35149007 0.97839645 0.38080527 0.22187335 0.77903805 0.54516587 0.27463928 0.0675664 0.71503819 0.26684132 0.63737359 0.69396098 0.73297069 0.75273686 0.41002501 0.18696687 0.45386526 0.47956474 0.3464665 0.7485888 0.61897913 0.08516487 0.49336995 0.22506892 0.94733514 0.71368281 0.63168941 0.15637276 0.96582493
0.78110139 0.34547559 0.93506844 0.1843483 0.61750823 0.49638559 0.93384075 0.97363448 0.81408102 0.17864295 0.60336528 0.39221899 0.11732986 0.27742407 0.91056311 0.95291695 0.5470075 0.81028697 0.52793618 0.47349879 0.23926932 0.48522039 0.08321245 0.39737324 0.9084767 0.19842051 0.48015096 0.45230496 0.44696317 0.93115155 0.91632177 0.22853428 0.6289816 0.87011104 0.5231232 0.87628045 0.84334801 0.15907633 0.89822238 0.39156153 0.25686689 0.29130346 0.15294441 0.96724908 0.22733248 0.86802256 0.55367036 0.18362868 0.25095377 0.77857168 0.34571888 0.99745314 0.09750143 0.48417545 0.83898549 0.26072838 0.48186996
0.5671945 0.13616489 0.95860495 0.41627494 0.92652795 0.25748388 0.38783495 0.83683836 0.21800562 0.44393931 0.89128783 0.93217142 0.49590097 0.073662 0.64340752 0.5553932 0.6377953 0.51415214 0.07014343 0.61038977 0.66071559 0.88914104 0.76870062 0.46492598 0.16276251 0.97716536 0.24876975 0.545882 0.99810107 0.61699817 0.93732726 0.09480995 0.75141751 0.61932266 0.38352134 0.28874098 0.65591964 0.12247883 0.04533469 0.58486445 0.22542778 0.89034952 0.11937849 0.68049879 0.97614402 0.26779966 0.09723258 0.17754595 0.86952695 0.53754354 0.72271744 0.78772264 0.0951569 0.19838224 0.5432513 0.99915455 0.55578517
0.35585014 0.21741115 0.81473979 0.99591554 0.56682241 0.79843979 0.45323687 0.76118466 0.44834232 0.96984514 0.23759263 0.1045522 0.92914294 0.68617182 0.03774304 0.91853343 0.2729704 0.95651239 0.87206117 0.84427775 0.94562937 0.38661211 0.69948341 0.01730355 0.02151628 0.9136514 0.0797558 0.55927612 0.8526866 0.84643699 0.64438346 0.4236736 0.775624 0.93408694 0.19857672 0.41835507 0.74269713 0.20765487 0.53320143 0.06830309 0.80145768 0.91746514 0.95608481 0.63904682 0.60602475 0.01078157 0.16839184 0.08010313 0.50920837 0.93898956 0.02593355 0.85522751 0.09204293 0.63101241 0.54280093 0.01020154 0.50260467
0.13958277 0.68026946 0.8927652 0.1517792 0.18271622 0.58005012 0.34853366 0.56694572 0.94872215 0.35645594 0.74468444 0.69150272 0.5665415 0.10587258 0.10898201 0.12917446 0.41082328 0.39219713 0.30976212 0.04900056 0.51403328 0.85452337 0.16517684 0.50347607 0.9031491 0.28738386 0.72968653 0.56239983 0.52195107 0.69282363 0.04900611 0.89909143 0.80874249 0.97710132 0.24730766 0.52582974 0.16897447 0.79716189 0.76189895 0.81747749 0.94856781 0.99272353 0.47415778 0.65181698 0.73896974 0.20915317 0.54766992 0.1557027 0.64984066 0.26041761 0.35807191 0.28371582 0.44360561 0.94054032 0.18999824 0.44946267 0.28605233
0.21804326 0.32027733 0.07967098 0.45703997 0.11157593 0.09231154 0.24632145 0.74393932 0.11196216 0.14032706 0.98557533 0.40476035 0.67495391 0.28864085 0.60911837 0.04168269 0.87720325 0.22989362 0.40940333 0.2344697 0.93635977 0.74455188 0.93566775 0.05922442 0.94368093 0.69783378 0.87821958 0.17273163 0.03454832 0.50122181 0.009215 0.05962679 0.87908998 0.00842814 0.52421245 0.65319181 0.66011653 0.12840473 0.41394094 0.21302714 0.88076096 0.14632011 0.64057599 0.07371108 0.20552075 0.66945814 0.3048636 0.38994223 0.18844873 0.75157571 0.35612306 0.79089846 0.22927435 0.2290063 0.63871672 0.82348507 0.73381125
0.66129878 0.69545827 0.54654893 0.82654805 0.89717343 0.3092294 0.19051628 0.4814657 0.47511534 0.51098811 0.57464992 0.70959801 0.86618615 0.31844315 0.27270631 0.77209089 0.49487306 0.73037284 0.96045163 0.99701278 0.09493431 0.29928684 0.80085363 0.0095344 0.5068872 0.4330062 0.34866202 0.57492125 0.64875348 0.42746625 0.34574169 0.96137449 0.28257688 0.17398193 0.30241718 0.21013559 0.42245997 0.24392545 0.67942881 0.46302418 0.66770351 0.76060691 0.8501427 0.2688608 0.80143032 0.45878314 0.26534611 0.51550369 0.45226438 0.61105283 0.28742584 0.22481907 0.26712609 0.14939214 0.14250287 0.82240056 0.81496263
0.40753659 0.61086971 0.56019048 0.91727234 0.65736097 0.75826244 0.88603316 0.90034662 0.4667025 0.84274016 0.82793397 0.67641668 0.57569926 0.34317241 0.95929664 0.4895207 0.44824564 0.10348473 0.74760272 0.29400154 0.6678875 0.75248976 0.34956881 0.09212233 0.64056385 0.06733232 0.83475617 0.49487133 0.98523959 0.93804729 0.24578026 0.68126363 0.24857812 0.11616288 0.32288053 0.93135576 0.07853307 0.99681483 0.67668878 0.89765228 0.57218244 0.90310853 0.96958559 0.0035451 0.20219991 0.32873313 0.67787899 0.46562578 0.63699784 0.88643486 0.30703661 0.23470696 0.41997351 0.67105165 0.16559412 0.25375133 0.88152617
0.50242418 0.6390885 0.58953582 0.05787477 0.27706993 0.31869481 0.35344085 0.29724783 0.26926422 0.50671775 0.84232449 0.3391675 0.07708203 0.37052865 0.49162957 0.57626251 0.2935578 0.29924856 0.0597082 0.86331844 0.72753782 0.53622976 0.47876742 0.63708179 0.10827118 0.78268534 0.89919355 0.97987818 0.97277885 0.14332683 0.62300251 0.31495641 0.14627552 0.35680617 0.31183809 0.52056504 0.04168012 0.13623334 0.52288584 0.93894374 0.40003511 0.35235155 0.41765118 0.94607088 0.30729428 0.74595251 0.90416567 0.19931849 0.11246589 0.24411557 0.28253228 0.40155579 0.29952457 0.92407882 0.31789808 0.66454419 0.48476062
0.50373753 0.15734656 0.3370635 0.76752671 0.07557601 0.46032807 0.19342327 0.59032981 0.01926736 0.40924571 0.37985521 0.62170195 0.52185706 0.49075305 0.91019047 0.43574461 0.09795308 0.74781532 0.09102164 0.44011296 0.37686517 0.18326957 0.37881246 0.00384727 0.49084825 0.21500845 0.50449168 0.84926012 0.05867279 0.64853466 0.97659086 0.00047704 0.2336225 0.30971716 0.0374776 0.11460672 0.31176381 0.08752972 0.70813662 0.80820564 0.99011923 0.54286386 0.48602821 0.24705279 0.14044687 0.61395207 0.42747936 0.5465986 0.25029101 0.03365203 0.54470652 0.72425803 0.50844346 0.15221407 0.03826437 0.35739232 0.22445971
0.51659293 0.86216431 0.06234934 0.99759006 0.46680864 0.29943371 0.81817958 0.05846458 0.63571915 0.09097143 0.14299162 0.49586573 0.08350166 0.02183733 0.93364073 0.85126216 0.45236393 0.10276643 0.89091001 0.13491589 0.05025042 0.19819464 0.18187432 0.34909452 0.49731497 0.89109645 0.14116001 0.22356291 0.36614883 0.62417591 0.79398733 0.0021412 0.34468537 0.28776747 0.60104853 0.81021787 0.65199526 0.09537272 0.19361855 0.08324513 0.2795854 0.48632431 0.24326146 0.61516567 0.27467756 0.47054421 0.32982351 0.432127 0.02324813 0.53399727 0.4203327 0.78165973 0.76778125 0.74095904 0.13903581 0.43618977 0.24650266
0.6215069 0.2189377 0.00348408 0.91907275 0.56741017 0.07632327 0.98039901 0.25710004 0.24033415 0.86140477 0.24976035 0.21485396 0.69673793 0.37618625 0.1879922 0.02526326 0.41121265 0.53073608 0.15469762 0.97998996 0.99862232 0.40820372 0.35022473 0.32553021 0.10899114 0.45417553 0.37653214 0.40344551 0.09380916 0.13596229 0.70340492 0.55180019 0.41085119 0.45380546 0.41898166 0.05887808 0.50463068 0.79774727 0.37461946 0.93052846 0.85148518 0.23113451 0.13126009 0.18430014 0.91994649 0.72723494 0.14705374 0.35165102 0.16294585 0.88519208 0.23845984 0.45161033 0.44161706 0.34174888 0.8234706 0.34790538 0.10906397
0.1701325 0.35037314 0.07678548 0.98260189 0.67714822 0.31663531 0.04727581 0.77421375 0.28318367 0.72748242 0.07360712 0.08030262 0.01395375 0.46049216 0.35325221 0.46874487 0.21738506 0.47342059 0.44918493 0.81856408 0.57111272 0.53716747 0.68216228 0.1385623 0.63667694 0.51112523 0.02196874 0.37327866 0.6230401 0.43839469 0.86063799 0.83779734 0.70875955 0.10130079 0.73004812 0.01923726 0.93483007 0.79708542 0.8658203 0.0915985 0.48053468 0.1374288 0.54260415 0.74513749 0.36499831 0.66755419 0.99032139 0.69701574 0.2541456 0.75691291 0.36344461 0.90871747 0.92876493 0.734129 0.76096787 0.95037653 0.57549283
0.70888757 0.98501816 0.89447919 0.27708547 0.71678313 0.75212816 0.22491123 0.50882448 0.85765629 0.65696912 0.06264566 0.3520784 0.9567779 0.06218295 0.34496959 0.24672819 0.53268236 0.98877596 0.17322325 0.89813508 0.87017068 0.84874937 0.58374176 0.00997748 0.87935342 0.85790183 0.42570417 0.48259079 0.9786162 0.07733175 0.07732253 0.59475374 0.5689609 0.12267574 0.14184481 0.80350772 0.00109834 0.84520597 0.79223387 0.57576881 0.51309607 0.57002129 0.35703745 0.0641496 0.85253627 0.11284778 0.36004246 0.73104832 0.37986808 0.62544965 0.81890096 0.07637764 0.713022 0.26456835 0.19612005 0.67046108 0.66461154
0.84652906 0.87660244 0.52757255 0.95986059 0.48614923 0.60968091 0.58521298 0.9743562 0.0955896 0.63896053 0.86764863 0.23532684 0.94555398 0.43604176 0.80361447 0.39647248 0.91754051 0.47705371 0.44429322 0.33937145 0.63946991 0.21635001 0.8371414 0.4258777 0.78898976 0.58733705 0.06242381 0.88943022 0.24614343 0.21280052 0.34908669 0.81937489 0.02224999 0.48095373 0.18763376 0.07586944 0.71658724 0.29608247 0.68019325 0.05083811 0.89899804 0.9734709 0.6750828 0.07848802 0.22533067 0.45535379 0.92995354 0.86196646 0.82551376 0.91244152 0.56945311 0.34837062 0.1081985 0.20791295 0.47711592 0.10798213 0.68415408
0.59392605 0.75979813 0.59060704 0.84093817 0.69506849 0.41287397 0.1956807 0.21582085 0.90189423 0.70323676 0.76456516 0.57010927 0.74908924 0.56227212 0.88082756 0.42067471 0.50695567 0.87212751 0.41447893 0.91259423 0.30422884 0.68024527 0.80953127 0.27634854 0.98924522 0.74311374 0.78865712 0.08450611 0.40961746 0.05458989 0.99807336 0.31476172 0.73189045 0.08089567 0.85619959 0.53998823 0.22194756 0.27383398 0.93142327 0.46140412 0.91872354 0.83903767 0.14821585 0.51916248 0.43422607 0.04559487 0.97706101 0.08563679 0.59745706 0.55255059 0.9153924 0.81553126 0.5644626 0.64311199 0.91924857 0.57399054 0.91175638
0.58026343 0.21221753 0.28850939 0.47847928 0.53164838 0.09886533 0.34409289 0.6156265 0.44279537 0.60116799 0.79221979 0.27434572 0.34849053 0.57662664 0.57796591 0.24937968 0.87014451 0.90364392 0.31684048 0.83566926 0.38415293 0.46310396 0.39999168 0.08525589 0.16920788 0.56178794 0.92465079 0.83312441 0.62482451 0.5069533 0.33076307 0.565214 0.78723173 0.02964594 0.36542781 0.54093361 0.28360701 0.35432146 0.02814721 0.40512785 0.12937806 0.3692153 0.24215328 0.02669492 0.0267661 0.6173263 0.79740109 0.20174528 0.59360708 0.77015841 0.78225693 0.98049081 0.28627383 0.90509699 0.5628832 0.41976956 0.68048336
0.69703808 0.99303258 0.20442543 0.87541646 0.14662614 0.77512462 0.36149213 0.04209033 0.7746629 0.29468672 0.81475368 0.5246951 0.41423396 0.42564089 0.49411382 0.82379702 0.76902423 0.64419988 0.41838075 0.61140834 0.21163878 0.08952173 0.29201396 0.15443519 0.19438288 0.30216034 0.57844879 0.42969495 0.5084964 0.75955903 0.77321954 0.04226976 0.74779915 0.71114416 0.4693825 0.44148866 0.83861753 0.35121419 0.450435 0.25925289 0.36468429 0.05717818 0.69453622 0.58485005 0.97784231 0.64430142 0.29075031 0.06672925 0.05934759 0.92359302 0.21381771 0.09545966 0.76060924 0.99655036 0.95573858 0.30091252 0.46399926
0.64766126 0.17322138 0.53313351 0.24785559 0.0582224 0.7296847 0.98810065 0.93365591 0.01787448 0.42524244 0.38100389 0.31471096 0.32541603 0.88258383 0.98254917 0.96772167 0.9007469 0.74035131 0.76976914 0.1957965 0.97052837 0.2488764 0.26786092 0.61513516 0.89334451 0.97246971 0.52261292 0.33602168 0.97811578 0.22531737 0.66965367 0.22998796 0.66876965 0.94273445 0.61294757 0.01674587 0.19295868 0.96691993 0.30990627 0.44294161 0.35665222 0.5650074 0.41569653 0.96956582 0.14704833 0.06985572 0.05752576 0.41778233 0.75366637 0.08064897 0.4354521 0.94174037 0.89890961 0.92471053 0.78550425 0.31658267 0.45597388
