test/input/temperature.asc
ncols         30
nrows         30
xllcorner     0
yllcorner     0
cellsize      1
nodata_value  -9999
0.52537173 1.34365459 1.19159203 0.99696372 0.29000455 0.5994845 -0.09125332 -0.86429778 -3.67711859 -0.25438794 -0.21802814 -1.88274975 -0.62062639 0.36528237 -0.83687587 0.0215158 -0.35847057 0.45777533 -0.95761856 0.97075809 -0.90376231 0.13312019 0.96815645 0.81749555 -0.24430035 -0.58183872 -0.0174248 -0.28557674 1.29611802 1.74489257
0.43958271 -1.05570689 -0.15431188 0.36795983 -1.20643998 1.50561918 -0.54290819 -1.45482592 1.08148678 0.97959062 -1.44778379 -0.28772446 1.9622821 -1.00114856 -0.46516518 1.27527997 -0.28859221 -2.69276033 1.48933845 -1.15101038 0.83193623 0.35764015 -0.39967336 1.18560778 1.31571775 0.16957841 -1.68603043 0.34971048 0.04571922 1.2764169
-0.38000134 1.0037235 0.63133767 0.14019059 1.24257082 0.59369657 -0.00286894 0.63509715 1.49814755 -1.00281892 -0.5525377 -0.06178832 -0.35550777 0.32393814 -2.00830339 0.17557272 1.10722503 -0.19671182 -0.30034458 -0.128087 -1.17529558 1.68046502 3.1437506 -1.35056412 0.0704733 -1.36881532 1.73458468 2.2275253 0.66294917 0.33000466
-0.1885064 0.29345409 1.58248777 -0.32741987 0.39026422 0.39527178 -0.43890506 1.11103941 0.20902775 0.48874141 2.18435466 -1.91614126 1.81409954 0.33895547 0.25302312 -1.6580287 0.50928062 -0.59537643 0.43753577 1.39493794 -1.15362724 0.09377901 -1.11668387 0.36507078 1.10623868 -0.74300683 0.77825009 -0.89610061 -1.84935931 -0.16207766
0.30043178 0.03484742 -1.64384036 -0.12316154 0.26118662 -0.17790698 -1.492592 -0.19274793 -1.60745373 1.21159587 -0.02815258 -2.96945746 -1.41314094 -0.83580744 1.25208156 0.90224021 -0.30644802 -0.89542886 -0.61396991 0.91393531 -0.05703165 -0.74950774 -1.0972392 0.52391598 -1.04126429 -0.72786732 0.42191495 1.04905427 1.70132576 0.44888996
0.72919987 -0.99726194 -1.28297885 0.98738215 -0.2467605 -0.5199105 0.1512231 -1.26200908 -0.26638979 0.21944955 -0.85152651 1.5477544 1.32381031 -1.23626235 -0.75777338 0.0219201 -1.45845768 -0.98681417 -1.80666957 0.48039287 -0.58679301 -0.17264785 -1.00717467 0.67504775 1.58181506 1.57484046 0.24746038 -1.21636614 -0.92521108 -1.24611655
-0.75585369 -0.33813176 -1.23042257 1.15426036 0.97747682 1.78026201 -0.4730901 -1.88252638 0.31393171 0.50425999 1.05525706 -0.4887674 -0.45857716 -0.36303286 1.30893644 0.48884589 0.37458052 0.63269563 -1.09935781 -2.16127104 0.25493067 0.22695757 0.45125354 -0.0950573 0.70917123 1.04716933 -2.49221872 0.66148369 0.71990974 -0.19250074
1.02756928 -1.15383465 1.77733718 1.28775121 -1.58031095 -0.02207325 -1.63703896 0.81153074 -0.99880253 0.93015156 1.62737298 0.73956292 0.31018144 1.60296391 -0.89275401 0.57479128 -0.99625057 0.70844146 -0.56810811 -0.81591531 3.03396735 -1.10313969 -1.39323687 -1.33612216 1.49702388 -0.34798716 1.43929122 -0.14247414 0.47755107 0.10987854
0.29951034 -1.91051856 -1.20752457 -0.95115183 1.52259843 1.04239145 -0.13738265 0.43101172 -1.48311757 1.17680685 0.95447903 1.467364 -0.50902131 0.03930056 -0.4883593 0.00081969 0.64882533 2.07867268 -1.02947716 -0.76872286 -1.1602705 -0.85741426 -0.74895554 0.79488849 -1.16840682 2.02402574 0.59803716 1.50012946 -0.84971359 0.87904816
-1.75673676 -0.39437918 -0.78730359 0.05769949 0.94673409 1.13406486 -0.71926595 0.54258356 -1.05642102 -0.63658767 -0.37743638 2.17763955 1.42928135 2.37177883 2.09162447 -1.45865443 1.64694636 -1.63181321 -0.22784381 0.72851293 -0.94677741 0.57075376 -1.18712206 -0.84272706 -0.44793687 0.72544761 -0.35704263 -0.43830509 1.11571404 -0.72323706
1.51702725 0.24722515 -0.8976229 1.12444666 -0.40640481 -0.49250966 0.21961924 1.00112079 -1.42609945 0.44478755 -0.40708127 -0.42957121 0.04429644 -1.64153821 -2.32872706 -0.9409411 -0.25347537 -1.00325827 1.43528672 0.68903635 -1.26723345 0.41441188 1.53853148 -1.36974623 0.49420023 -1.24644548 1.37154858 0.72015475 -0.12760763 0.94344969
0.84320161 -0.07405821 0.46004325 0.83000115 0.11075546 -1.83515259 -0.35194243 0.18662203 -1.11969031 -0.40498879 2.50366627 0.85902009 -0.48737199 -2.88906372 -2.24664286 0.26078034 0.67197914 0.30822498 1.07858311 -1.86599295 -1.30014706 -1.49349417 0.76778986 0.17594976 -1.72432997 -0.20232311 -0.26369176 -0.9746442 0.06476013 -0.85764453
-1.03406594 1.48011221 0.17845298 0.60051692 1.06555232 1.44116026 -0.80419185 0.0618974 -0.20081007 -0.46561387 -0.7960027 -0.46719275 -1.99945332 -1.32926189 0.0401176 -1.20973967 0.81006184 -0.36696904 -0.45046807 -0.91633448 0.3432692 0.01251987 0.63374785 2.22725949 0.53486109 -1.473665 1.78114454 0.24838463 -1.77080956 -0.97630003
0.00074985 1.53678974 0.25080303 1.6010269 0.18694503 0.10062673 0.50050366 -0.01708884 -0.63722092 -0.84327509 -1.0186034 -0.23952985 0.87901596 -0.41393233 0.80054738 0.1198383 1.21016624 -0.31483952 0.04889247 -0.72972419 0.61404216 -0.41447854 -0.12546295 -1.26854685 0.71410839 -1.40842839 0.99091658 0.77070673 -0.53260885 0.19319947
-0.55928359 -0.32054641 -2.12875263 -0.70196164 0.01883001 0.3838295 1.18198585 -1.6022806 0.63387779 1.39445647 0.48864908 -0.10501256 -0.38080652 -0.24427166 -1.77213495 1.13807437 -0.91695699 -0.94356912 1.19475703 0.86040786 0.90728041 1.50408745 1.74233254 -0.6726648 0.45947223 1.21644106 1.29905108 -0.76215734 1.7780595 0.27077271
-0.85813024 0.85748413 0.31057573 -0.27653527 -0.00896153 -0.52167918 0.71908932 -0.22749758 1.09131746 -1.82953217 -0.3732909 0.17185952 -0.01577911 0.37885245 0.19207056 -0.84661152 0.66700746 1.46512006 0.31754967 -0.70012718 -0.60406004 0.41991225 -0.78392312 -1.51695365 0.18366898 0.01879271 -1.18198015 0.71356337 -0.24984412 0.95438452
0.82667008 0.88459054 0.14555203 0.12728381 0.76872687 -0.83149759 -0.23804368 -0.00585325 -0.02622584 0.75276884 -0.33101472 0.54435448 0.63812852 3.14339739 -1.20040111 0.59548825 -1.53706947 1.26760337 -0.11900391 -0.04428559 -0.84408683 -0.24375689 -0.06629199 -0.67388085 0.77275845 -0.08262881 0.68446921 -0.20330007 0.34058092 0.18879439
-1.07201082 -0.42265303 0.8490967 -0.7729809 -0.63719306 0.61255652 0.04791859 2.09603182 -2.76095493 -0.28224733 -1.68844756 1.59580967 0.8664085 1.31321003 -0.95568223 -1.16075316 0.81795127 1.98692045 1.94281286 0.81656406 -0.74449975 2.24810692 -0.38754506 1.55191409 0.22050519 1.19996766 0.68186671 -1.02560573 0.68322355 -2.1208696
0.54617755 1.68874683 -1.28618657 0.87965974 0.96956293 0.12360996 1.58191096 -0.22928158 1.30507994 1.68528448 -1.59938882 -1.28411504 2.28578294 -0.12775561 2.12616017 1.6183317 0.30173043 1.01323049 0.09777229 0.13105494 0.32897253 -1.09895213 -0.10902858 -0.67602453 1.98929209 1.00612553 0.55786289 -0.70548728 -1.0643576 0.28082071
-1.39448632 0.3039735 0.44996154 -0.6171718 0.91440782 -1.01761016 1.71944459 -0.99340376 1.38039618 -0.09183923 0.69137536 0.07980609 0.34279658 0.74753804 -0.69198647 1.29310519 1.92160133 0.84325602 0.76882683 0.17665974 0.11482484 -0.16634763 -0.86670682 0.17793346 0.0829584 -0.1251245 -0.4001828 0.67319533 0.18697759 0.49982422
1.41316704 -0.11363059 -0.47857566 0.1726576 -0.29704815 -1.15538014 0.78703162 -0.00081223 -1.31903919 1.77456775 0.33751978 -0.07569046 0.08176911 0.14195019 -2.65797583 0.65751146 0.99530175 -1.22681707 -0.02905769 0.0919324 -0.01163023 -0.95349369 1.16205866 -1.13225713 -0.95979254 2.32443973 0.46408816 -0.39811454 0.35349509 -0.58478788
0.20308167 -1.00095066 -1.11147565 -1.84417894 0.52743565 2.06173856 -0.8277329 -1.11117048 -0.52594964 1.50294782 0.03844923 -1.08117036 1.02539771 -0.62229116 -0.46409414 1.063967 1.1212579 -0.04563843 -0.21476524 1.34723876 -0.29798794 -0.10690064 -0.55432564 -0.30028992 1.48928706 -0.2806955 -0.59432376 -0.57931924 0.32038372 0.03035214
1.58734222 -1.66755443 -1.2481734 -2.98543242 0.99948338 1.16308969 -1.45036114 0.57420973 -2.11135672 2.91644542 0.15306485 0.81920219 0.45445156 -0.06326833 -0.97581735 0.99926668 1.32663019 1.19785117 -0.10304135 -1.12407466 0.89825473 -0.41425399 0.36060806 -0.40473137 -1.4247079 0.00139654 -0.64013624 -0.83648956 -0.3683664 0.18253944
-1.0759812 0.36996299 -1.44891343 -1.45536331 -0.06422382 0.52540686 -0.41525613 -0.64471216 -0.24187215 0.1715459 2.65604913 -0.5929651 -0.3790098 -1.67146505 -1.16512694 1.23974345 -0.11788498 -0.81917313 0.61818029 -1.51247985 -1.02173405 1.87682876 0.35329526 -1.6701039 1.03723049 0.71632395 0.64604869 0.04154529 0.30463391 -1.77546823
-0.9509238 -0.13657081 -0.18004701 -0.24176069 -0.29452481 -0.47981223 -0.93382568 0.89167377 0.66122611 -0.46068481 0.02331064 -0.29105291 -1.22745387 1.59123531 -0.63426853 0.00644414 0.14594116 1.44754262 -1.51283556 0.21848623 0.4047628 1.2643976 -0.09472972 0.52960223 0.56536081 -0.32255312 0.46518063 1.70696737 -0.31253384 0.83358893
1.0533962 1.7005394 -1.29227089 -1.10969085 1.72756984 -0.23101265 0.81239893 -2.12065774 -0.78084464 -1.30480833 0.53390062 0.31440553 -1.27979988 -1.33466389 0.29867722 1.26178842 -1.0018086 0.10675376 1.30630928 0.55360616 -1.01318461 -0.14912266 0.40530585 1.51745994 -0.59472692 1.81869767 -0.64350247 0.89952112 0.01631012 0.36151936
0.33658034 0.11042435 -0.58726063 0.40809236 0.29894178 1.66704577 0.93487298 -0.48264561 -0.83021206 0.55478911 0.17509496 -0.99468962 -0.64171795 -0.77550078 0.65074879 0.14625082 -1.65298669 -0.06381621 -0.63049942 1.1337804 -0.88964896 0.17807782 0.52486222 1.22530127 1.74115653 -0.44136526 -0.20341703 0.75864613 -1.23208718 -0.10691117
0.05880704 1.85002339 0.76032684 -0.67910143 1.10039622 2.24555385 0.2491995 -0.65029004 -0.86371365 0.19912189 -0.52186303 0.60656216 1.09672506 0.26512746 0.18215727 1.08122396 0.10926325 -0.27606623 0.75165745 1.88661136 -0.28610434 -0.202105 1.37277195 -2.93700355 -1.55943103 0.63250553 -1.38039903 0.81785603 -1.04852977 0.25658859
-0.12475526 0.17530136 1.7353501 -0.4054663 0.40924705 -0.01419754 -0.82441009 0.71147473 0.42835719 -0.08366646 0.4351123 0.30662942 1.03360552 -0.57342463 0.90640847 0.85663909 0.17039908 1.02146831 0.2300921 0.05171062 0.56164218 1.17785076 -1.52384099 -1.74017479 -1.3545081 0.9782719 0.56686 0.07342978 0.01467056 0.86550735
1.08558709 0.71767862 -0.09119787 -0.11671739 -1.06891759 -0.55169333 1.79386688 -0.75249824 0.54598393 0.66605706 -1.39900398 1.07654922 -0.09238652 0.7965226 0.12075672 -1.52987749 -1.02075455 1.76719924 1.40973675 1.88108297 1.35160015 0.08654447 0.50774714 0.59564636 0.38948374 -0.69919205 -0.52006397 -0.43437837 0.74029703 -1.07265649
