test/output_verify/test2_2/cum_currmap.asc
ncols        30
nrows        30
xllcorner    0.000000000000
yllcorner    0.000000000000
cellsize     1.000000000000
NODATA_value  -9999
 0.59950077477345253829 1.8782309502559138004 1.7027874383968828464 1.3681784009376010136 0.53731323093951810499 1.9297809358121134071 0.99802040451452755931 0.99826799691654455327 1.6769922605302869378 1.5593519809190934389 1.6616756094037903324 0.98829081489733017207 2.2504419571237668229 1.0770343913885391807 1.3751115212039246583 2.0912815114790657134 1.3985325234497976155 1.5388599122135535602 1.4365930684933130301 1.2373899459946535728 1.5294531054884783483 1.746781809637941274 1.5982094058826759042 1.3387264783944290425 1.1088658367279751182 1.0969094579289759839 2.0699076469312123194 1.5133937809305164635 1.0559524246434044414 0.63061039696089427053
 1.1152513004728179524 1.5336719508738438922 1.8365523825979286343 1.5644726969764917168 3.7977485280986149618 2.3350826733543046387 6.9660221239432873475 2.1684167318233522614 2.5044933844404568823 2.1724473586378683088 2.0076229783166712473 8.251303994760311511 1.6019145391151552449 1.8892991791506512644 1.6460958062077042374 3.0072427153430147939 2.3260101749540820215 2.9167481737227189953 2.3839203550136307541 2.607081239151975538 8.6503961465212224624 3.3486480811309924377 2.5056048449827224012 2.3419217285980251653 1.6617408539565550196 2.2630426190882548809 1.7562068317076180435 2.8613877716814650753 2.0028220025681071625 1.2775693484564616398
 0.98178225707052124704 2.7884395460117596954 1.8564562634951891074 2.8795121384290567335 2.7511096039800055912 3.2375770711324358686 2.3390067169806267877 2.7381105469718476364 1.8601807494541486854 2.2810452284217728192 3.3709679299486281501 2.3078004336788486839 4.0481369571892917847 1.6279702342897062195 1.9168429220634177756 2.3605447685200986463 2.1721030977326032385 2.1077507065527796293 2.5788091348497714783 3.8748230272676869035 5.8050214355364539998 2.3738250153402922216 2.3147658753034523471 3.0165191867416520921 3.6388541205839675108 2.0797894416618523117 2.3104830709019816837 1.746896396110368288 7.5524038508088890964 0.40553074647447939771
 0.88224207100959439742 2.1850689290996925251 3.8063453777194293792 2.2375857479428140628 2.6589160181966327023 3.2655231465763128185 3.0365548248555920274 2.2073337167439919249 4.5315705412412254915 1.8012120196137422212 3.3386795999896654585 3.1154596578572162358 2.1967555938149052608 5.2370083733859997821 2.8742279580943956852 2.1394877752332632781 3.0321297724055393807 2.1314597106371300228 2.6137365370429139766 12.884944381562620563 1.3121255204020005891 2.1486172465286248467 1.6876555206458621061 1.8581495853089387005 1.9488006645162632147 2.1550716799554598957 1.8152789684282466531 3.4541877964144376278 2.4455164599895584665 1.7782380277272389346
 0.85422017918453274632 1.9501275259341923629 1.7764081083938232375 2.8127669835008943799 2.595601691986753945 2.1693112523967736927 2.331341451516933283 4.6635960824139424119 1.9749507986292753614 1.9721665248114375046 2.282494340435737179 2.6385784085731409654 1.8372398113051819912 2.6124139777839299192 2.3791863196453895135 2.9948874985311113583 2.2770543859569962741 8.0246757323467257095 3.3438186378517023023 2.0281573267553540951 4.2896178426559723462 1.4087691031871143466 2.0702647987838558308 3.5304224022772388025 1.8526162598232787104 1.8820578372987817328 2.201055062311512156 2.5040305444511612443 2.5863904348448536474 1.2756318326790723194
 1.3715782928507720406 2.7292033739901446765 3.0453141780295340801 3.2985729697861638776 2.9793778230103424853 2.1236734431923496302 2.2478174610552756896 1.8050142586703570302 2.801637575210709219 2.0999476823209990428 2.2064454671837698818 2.2601286802552769117 2.0611616723250358874 2.1845151630163490708 3.4760925789755137139 2.0652399864500798898 1.6737409109655905226 1.9784869922821017862 1.8801465081079959951 1.5199170354704185648 1.0357634768711485584 8.3966419100438862699 3.4571307517466096648 2.3618859353409815682 2.4264497173844645772 2.6879506898804708115 2.3363137098890689458 3.1807657484165785533 4.9722470747178446615 1.1681035416774219193
 1.8319951792598756501 1.869144635804811605 1.9758029456157917281 2.6043195675059300775 1.8332625468554464288 2.287229731079346351 2.2356897486165934197 1.4099295101827244991 2.6461140420920137295 2.1078858080873215108 1.7576859820917900556 3.2489786924275296798 2.2386985424783603094 2.5874019780897397069 1.9818963662671842396 2.0524302474342195346 1.757148253914806002 1.9490926859570432139 1.4338153949301029044 1.9435514388442973743 2.1835542357959658588 2.349698727897506334 3.5470146976167709063 2.215234740159754967 1.8025282100353761106 1.8875525410992994857 2.2360863575490230737 2.0393459577127375226 2.1380525597906783197 1.0382339658851977848
 1.2711266633959839023 2.2604423431123095156 2.4475646877791752409 2.1961903605025470121 2.2346797260893667136 3.6495729271226347024 1.4762525140214535213 1.8195673920811303859 1.7932199932019268207 2.5922091709963970274 1.9109854274886928227 2.0555371667481661113 2.130621146838853619 1.8504504164346067263 1.5953805664629807648 2.6067514493363179717 1.7243471038428312969 2.4545820623036003205 5.4104099019989355668 2.6375167327107496007 1.8160985039783672512 1.765885330862454472 3.2427028582138786028 2.3307728840116825886 3.6208494128388721833 3.0649551768483398462 1.8346136625947648824 2.0562439224537527593 2.3661502695918317229 0.69933680602013181815
 1.0382682947800476736 5.3205055095359057304 4.4891840197871246687 1.8029418810362316528 2.0745378665077387481 2.05475433356551207 2.0482241967689072126 2.1902595851716863962 3.3275485167226985794 2.0648244379520543923 1.8345017192392178984 3.5207201668895558022 1.8608305442989883094 3.6414337038085888842 1.9254328076792286417 2.2543849068717838335 2.3448537299165188585 3.2016420242452308109 2.0554583104680546057 4.7432245058991622244 3.8134641486302922608 2.8224378736849735638 1.4293205655295146972 2.4065397355227178267 2.9076641330591299628 3.8859797800849618099 3.571827164104369956 2.2643328501656290186 2.2507365120012972071 1.305924195637930163
 1.9731105360068064147 2.6961818042181877608 2.2997480470724838142 2.3254655846528198282 1.4715114101010853265 7.6248172000106997359 2.1515155159555465758 2.5690051583179989159 3.0089620710867546194 2.4680216041195630616 2.7024519378948479442 2.4833389158805379004 3.4004603889123066196 2.390371094783185324 2.0268053704911834778 2.078176212263976641 10.254399304142541638 3.8345325337654592168 2.1319939455683232232 1.8700330731363501435 1.7636260715185567705 3.9987017564742273201 1.1906218338956302549 2.393618824955240143 2.5494511937107544597 2.0680096785974093621 3.1317620123417078126 1.9917233656513224638 1.4516323746489636637 2.7466846188580866794
 1.2717551034682386124 2.1408211113099340217 2.4346153768357550184 2.6675893978258886641 2.2036526028399192612 2.2166956531442263412 3.1318759607782182819 3.2485190125131993 6.2026584050615163335 3.6646777560978862631 2.839876151771698165 6.0805891352350709411 6.8675994969134155355 2.2063970811191038202 2.1883096827525014838 3.5204468804472184296 2.8786358703840697615 1.9878580762048649877 1.8680816788753320523 1.7664802714034544273 1.6035747978690146898 1.2760658532940631904 4.9625421688490805039 2.0514365325872669921 2.0860742649362222778 2.4333960110806511778 1.2703064146486262587 2.4935630758520739292 2.2379208722938792597 1.2221408363563728283
 1.6614318668259979717 2.2724145984227117623 1.9069294673725851741 1.4780539546474606993 2.611469837772739222 1.9797097466951880662 2.2512177934025063841 2.3566316228492873996 2.1669562810449520818 3.3567505929624816829 10.246097690054199347 3.5207339512572271012 2.4009901825627282257 2.8906715833886531541 2.2462929873339838593 1.491774394995707409 1.8529411314870127825 2.7880090482658395068 1.6583092299834003569 2.1082301748458940338 1.9857489870576878754 3.6813195228430379835 11.576058830253202814 1.6520424372528672574 2.0640096868633626137 1.3389475945859581341 1.8453484273225613244 1.6691442702385537178 3.2910662625424804695 1.7616763610640240323
 1.7532462886109789757 1.4932413629278835643 2.0680989276482923955 2.4768097276310481192 2.3805050438474939511 2.8969519103583616371 1.658833131562289287 3.2061781296725722079 1.6892527754770014781 3.1767900628930361151 5.9897695843982274866 2.2295187689903430694 2.063318529760601816 3.3169021658919346507 1.7708386706193639526 1.9106764841279646472 1.8831802909911334876 3.2642434248612137715 2.1317436218715268836 1.208505546293123567 9.9261138593276445619 4.2634720301454276381 1.1709605016833894986 9.3960943595605854739 2.1712849528831483781 2.6559251433091257688 2.2725661180612122259 1.8662967806268131454 4.0228250094174935469 3.2021014578950026674
 1.4203620802809149293 2.338011432376184473 3.8344769601747348275 2.6971489663528993574 2.2611070419830205935 2.2212262934891220389 1.7084709733193998993 2.854882824040092526 2.830593337393365605 4.199932078880727282 3.0582965175034950711 2.6234524872267868112 1.9474364158718229234 2.7761868383417032113 5.2179557642431939612 2.7409125197067338853 2.265372030306532114 1.8344907165211929989 1.6655404604252257439 2.2004665566024277368 1.8566526749516678585 2.2213591843680302595 2.7922003844873306555 2.3058982462562083171 4.0910803275816869373 2.8663773911143799467 3.4879338913611337425 6.9939593625353149164 2.4340980915961871744 1.5035668758873848017
 0.80931576928757753553 1.5462445271979146089 5.9149668449085774924 2.4961635768166368088 1.9750233045721348191 1.8643412410550517233 2.3278137350942169626 1.6397994195805141171 9.6454823039836625753 2.9888021883215207808 6.6317201789097275366 1.7709300915170569368 2.0034909538626188841 2.2944335149804646612 2.4376481173239343825 2.913276080628383724 5.6263145390114681632 1.85871794549752134 1.3977235153967835224 2.0992653970499328686 2.0296407919446806112 2.8646724442244857478 2.8679292052581386585 1.7848564168409570829 2.2931367159246631715 13.83849049238571105 3.5887776484981950276 2.6792819465669448498 2.3797839027125831102 1.369505560287418211
 0.64519732218489034281 1.7727981943808444054 2.3919162872880761483 2.3888784018967110789 2.0624730364697749785 3.2661948324436047564 2.1507097327521385033 3.0059044129327561201 5.0365621483034637151 2.5839832872376171657 1.9765686048743054126 2.4238365074283807488 2.6673154681958033407 1.351315043564682572 4.6953434775846325522 2.7463884696179321487 7.593261233329406501 2.0582796207026685664 2.9280941128865496381 1.7258955017665498222 3.0925833707235876879 1.6551327788082779158 2.3120745395740658346 5.0473726840444737007 4.3883255881029210599 5.0658245834697543941 2.6426342347876206063 4.079152521799993103 3.7727043814515930364 1.4766780392820424428
 0.84006732504470615908 1.6200741267277201096 3.1137707293646506024 2.132607701071391304 2.6752076838783795942 2.1242274777468646008 2.3305658281464056714 2.5991422221142790328 2.0144012459909648172 2.271828633469922476 1.6542127822834549189 1.8382255714458060059 1.7735660807657172011 1.8577219667448223728 2.3675707288564749042 1.9016958985690521899 2.0973788023985626694 2.1588909841813150869 1.5915879892717452737 5.887545450778747913 2.3555251776736385594 2.2312052397490922395 2.677124018190069954 2.0004104150980364096 5.0653311204405433443 2.6569371390692571033 2.244695760875237589 1.9989453139958335282 2.1954752029319171136 1.8530018473879792396
 0.59314164882564102133 7.765527404440491388 1.3759935977450128419 2.1157548334512279453 3.9139218187188964393 2.3116444593429874566 2.1137531819427222146 2.6280335658949955935 2.5274496581805561135 3.3463131222534663323 1.4890015334241628597 1.6226712577523585423 1.5655365257627600339 3.8961842728681577164 1.7424132205235434157 1.6485218868366460221 1.3170643505264709727 1.9981856117392375882 2.8515875487308908198 1.8223295587428776088 2.9285602316461596395 3.4716804811952504117 2.6573370286051800626 2.2865372411807785014 1.8848326439917229003 3.0809004894062992364 1.8380270859928444782 1.8439474638339174994 2.6705713137642499433 1.6948928782798375892
 2.0239867654299867894 2.2595824843875464971 2.4083093268815263244 2.2088022414631107715 4.1804613910881149863 2.9311256357509263282 2.0977915471283021809 1.8649475894327083303 2.1070704935555588655 2.9261153327573854455 1.7365824730682895005 1.7622070457694247736 7.1283279327531667846 2.5118275557221001471 2.0218209420239339202 3.906596514895465333 2.6213679785871955019 2.2193287563586943101 2.8775056978655690898 2.050766911774943857 2.4442935932432412471 2.9477396171610430464 2.3260035209945217893 2.9352704408181615747 1.6072428940594865043 2.5435447995862552339 1.7967729016287503629 1.9934888860189552418 3.2308207064473060122 0.93505763406322495168
 1.5425968774540048667 1.8353468395575349703 2.4459780908989969817 2.0174890433502379317 2.518053267507345705 2.6956787338514125452 2.8285243270728273046 2.4458248578777852522 3.5647922761074548603 2.7200000769136094547 1.6350356611398739748 3.435016161163922721 1.2134027230687516319 2.386286274272245489 2.267475647397194205 1.9396289194926841226 2.6138001064677496288 2.8842730729438841308 3.1412956729471539497 2.2416033654570228784 5.2761285850182515489 3.2637255908844662322 2.1888419868932036394 2.2388812593818032681 2.7255474110420694345 2.2413964147879652522 5.8845579378035672846 2.0125477619065952339 1.5377446521795099521 1.1196299546531922608
 1.579035216889256521 3.0182067035547928135 2.2257167291482375937 2.3711361614457509006 2.7191419092302591132 3.0132604666709474905 3.3526689325102969619 3.5024015175432463565 1.5651090300377885622 1.6712468483110414219 9.3088894453335289114 1.102413589672762928 1.2870561031368694671 1.8861294940613875237 2.0772849513537150479 2.5564136880065024826 2.5282444631948832736 1.8341914425589103121 2.4656889269756163685 3.544434886256762951 2.3234743487473861201 2.602279645731289115 2.9601776528326624316 2.0773541462959750348 2.1482188550224639023 2.284252178129065225 2.1787781544258169042 2.0808160214478559347 1.4963079288417509005 1.8717133243048895697
 0.98983089138779822846 2.294788738760447977 2.154822802215535571 2.8624666866313481783 2.0111605098502733924 2.8011651738436675885 7.6993275702314738496 1.5865130864175418512 1.422038783539902207 2.9885799546931948178 2.7791163848735984665 2.622508644727820748 1.8038140599737306768 1.8725943227135741775 2.0684826987815263521 1.8547095210397055443 2.3856391302473785032 1.533728200128443131 1.6469155335625433878 1.9063869028372637526 2.7891754628294127549 3.5639038191097776043 1.7665507668495510352 1.8486566351720383761 1.7727803576487537462 2.1250366439233614457 2.7128524116587864334 3.8980045376182435035 1.7791870865218730735 1.2664865076468443394
 1.5962677133821663311 1.9719648162977279071 3.2826666265974790981 2.2120597158530812543 2.7266227549616268711 3.0436345572285827821 2.5873914518760567915 2.8178091851480258079 2.8422357156482860319 1.9094499645941036547 3.1596626792517961135 2.4407524969615526089 1.9151221211707736281 1.5579921752602141627 2.6631722298729729737 1.7676043018864724399 1.8179424498643290686 1.4002824950578693919 2.3037868275040040977 2.0340993206209705413 3.5338898731150214516 5.201233809141720954 2.6318255480118466494 3.5724076222781517842 3.1439827172508145736 2.0760072386661412303 4.4429617651044308602 2.4052594392988058125 1.9341674493570422122 1.1904834956016649983
 1.0111789137126920846 2.990993216590851933 2.7377530359913140323 2.4282808970099281076 2.5115325275427777818 5.9458196463708645751 11.638077463740765793 2.8207340446953446111 1.9468650590904550413 2.3448481296780596672 1.9851245386361775491 2.0100792265849873885 1.5322559251042424666 1.6220934606497618979 2.4308076609294455572 1.8379554233248929229 1.5694753374258803014 1.7527479829911065679 1.9561816921963091076 2.9513545568889374415 2.1182264916173529912 1.4868697019623435818 3.0085340891559528842 3.699472718762946144 2.3329220606081797484 2.9006650153142654602 1.7226194110005819127 2.2679984473656045196 2.308792987811738584 1.0385192702079493188
 1.5511971734131047018 2.46299072437684341 2.9833399102779591949 7.5292208956466382119 3.7496056628597771443 2.7877157098722911144 2.0884363073713902992 2.903887790830719684 4.4843189322583141276 1.6512998080631942077 1.9440418814668640746 1.3175250956872517349 1.8940255435805788409 1.9257588035053512243 1.2997550751916853162 1.7890051422811763526 1.5762326664165746681 1.6878004753340078992 2.0117330039874401493 2.5247146035865211111 1.9741858466457462562 1.6344529861538292792 2.0952758899972527828 2.9695099243231259933 3.3720578261454328128 2.2205256582158718892 1.7111236849235760271 1.7807285132810224404 3.1695682324898419857 0.96254493116938233399
 0.99054713128069471484 3.6069476713321675376 3.0192575683532929531 1.5594614498605736674 2.4148112258559515375 2.0485025981760554004 1.5500603041984475361 3.0014812099663723544 1.4616206617271458867 2.7124967634148231532 1.7202467789336211013 5.1917921962291204707 1.5759447387489851078 2.188459016692255954 9.6609791091206549396 3.1789301373278955332 1.8896186790656266385 1.3941234813638834211 4.4375735941020453268 2.6074462926923906991 1.7130249634029193206 1.4936096286531590493 1.4117561888728409336 9.0043369464624767318 2.7599578803220219392 2.5439147086595088609 2.0178182649613467525 1.733342515587989352 3.3985788431591292813 1.2403053135943733487
 1.231453454280052151 2.4141507608906174198 2.1468001385906978484 2.3303674364628852445 1.7121796293900222174 2.6754722114537083932 2.816301809068966211 2.2202819578168351278 2.1267740632106728604 2.0357162047064942811 2.1104554597421700812 1.3486480631611885705 7.3655126015060146116 5.7066757909952903205 1.1218015264696321598 2.1774913370909234622 1.7302295456509735327 3.4721858690238720513 3.6692212090223725873 2.8481657901010648537 2.5017439925695081904 1.5054988212917845836 2.7529476166695117101 2.1428790121385308254 1.9096069311257184431 3.0956110660271249913 1.8331048641427076795 1.8602960779988422235 2.134331474190513056 1.8665510951139263618
 1.5657658469571837934 2.8109389829051902865 2.7193985081876670407 2.1645446188885397731 4.0436516918153548872 2.4992844681364689841 2.4563884831770481654 2.0488956745583508656 2.0682033993732029664 5.2743633901650124329 2.0606987042590185766 3.0115438351616070634 2.4840118576850245269 3.7863018786080520073 1.6123445656653254687 1.8979343590145278942 1.266263485798792443 5.2812227963581319656 2.385215468807960093 7.5780992109714020444 1.3606494011172174385 2.0549529092532874408 4.1890461794448032862 2.7443954761940050346 2.1794121985670278363 1.9430737507275863685 3.6310957857578740615 1.6811226424507976773 1.5366935886548944712 3.653530110949544607
 1.1203025360660456844 1.4063383233906725511 2.1295995252406623166 2.1670123096963855858 2.243015506257696412 6.7366676087177594923 2.4258271804457645082 2.4935384831523399463 3.5344249227075810182 4.2338052479013841278 2.5742996052457809419 3.2005965398437243863 4.1499966474858087651 2.0265723938120663306 1.8360656699259452207 0.84217752853891680864 1.2899056878941652649 1.0976976360280166212 1.4051293334939947144 2.4697526901556843271 4.4219974139530755508 2.585769559863992928 2.0822283012922855328 2.1164888458261188475 1.8049970088542754976 2.0381111020284139457 2.7502090457534276169 3.6350381317284163885 1.9107437344103010979 0.81451958326907625274
 0.69057526465216179101 -9999 -9999 0.84696225222035936842 1.3775480564162676522 1.0456896759982925449 1.6547371121846132791 1.7735159618638742796 2.7350503006798136951 2.7740178844959806348 11.014654090735158221 3.6515407200035516766 1.9565112084058919883 1.6086260961629663679 1.0386893528266731845 1.2447302839521925399 0.6104944180952274202 0.48153189362340659274 0.92420746089405592105 0.61661019879708023339 0.88013847699335279184 1.8432475963772827487 1.5257875457349225901 1.0374476127678684545 1.0688824756841592833 1.0500697288994731426 1.3876023877587830846 1.8145957152579450522 1.1710989374410769592 0.26191416787651833342
